2 0.4036770833333333 0.4447407407407407 0.02173437500000001 0.0418888888888889
2 0.44931770833333334 0.4793148148148148 0.025625000000000023 0.04514814814814814
2 0.47860416666666666 0.4658888888888889 0.02333333333333331 0.03782407407407409
2 0.49827604166666667 0.6066203703703703 0.028369791666666682 0.04351851851851852
2 0.29169270833333333 0.5378796296296297 0.02333333333333331 0.04433333333333343
2 0.34705729166666666 0.6165833333333333 0.022880208333333367 0.031722222222222214
2 0.31091145833333333 0.6243055555555556 0.025166666666666632 0.03660185185185183
2 0.42690104166666665 0.6076296296296296 0.02058854166666665 0.04717592592592597
2 0.40985416666666663 0.6395648148148149 0.02127604166666662 0.05246296296296304
2 0.44645833333333335 0.6863333333333334 0.02539583333333333 0.035388888888888914
3 0.3431666666666667 0.5114444444444445 0.025166666666666632 0.050027777777777754
3 0.42655729166666667 0.4642685185185186 0.02539583333333333 0.04351851851851852
3 0.513375 0.4980277777777778 0.0237916666666667 0.04433333333333343
3 0.3894947916666667 0.5372685185185185 0.026765625000000053 0.03823148148148145
3 0.41236979166666665 0.5364629629629629 0.019447916666666624 0.03823148148148145
3 0.42792708333333335 0.5016851851851852 0.02127604166666662 0.03294444444444438
3 0.3606666666666667 0.5472407407407407 0.02219270833333328 0.0418888888888889
3 0.3598697916666667 0.5860740740740741 0.025625000000000023 0.034981481481481454
3 0.40825520833333334 0.5816018518518519 0.02173437500000001 0.05043518518518521
3 0.5401458333333333 0.6297962962962963 0.021046874999999923 0.03945370370370361
3 0.5249322916666667 0.6580648148148148 0.02219270833333328 0.037416666666666744
3 0.42518229166666666 0.6967037037037037 0.01715625000000003 0.044740740740740685
4 0.3189166666666667 0.5710277777777778 0.018760416666666658 0.039046296296296364
4 0.286203125 0.6271574074074074 0.022880208333333367 0.03986111111111107
4 0.46053125 0.6237037037037038 0.022421874999999977 0.032129629629629675
4 0.454125 0.5877037037037037 0.026078124999999966 0.03660185185185183
4 0.489125 0.49903703703703706 0.024249999999999973 0.03090740740740751
4 0.5480364583333334 0.6731111111111111 0.03271354166666664 0.033351851851851834
0 0.33859375 0.5529351851851851 0.02104687500000004 0.035388888888888914
0 0.37016145833333336 0.5116481481481482 0.02745312500000002 0.034981481481481454
0 0.4439427083333333 0.5258796296296296 0.028598958333333376 0.04311111111111106
0 0.46659375000000003 0.5075833333333334 0.01853124999999996 0.05043518518518521
0 0.462359375 0.5537407407407408 0.02058854166666665 0.035388888888888914
0 0.5107447916666666 0.5425555555555556 0.026307291666666663 0.03986111111111107
0 0.48169270833333333 0.5767222222222222 0.023104166666666613 0.03823148148148145
0 0.43101562499999996 0.5631018518518518 0.02333333333333331 0.035388888888888914
0 0.44016666666666665 0.6470833333333333 0.03248437499999994 0.04067592592592598
1 0.40596875000000004 0.49883333333333335 0.020817708333333348 0.0386388888888889
1 0.3848020833333334 0.5799814814814814 0.0237916666666667 0.03986111111111107
1 0.47128125 0.6725092592592592 0.021505208333333314 0.04921296296296305
1 0.4836354166666667 0.5366574074074074 0.0237916666666667 0.03782407407407399
5 0.37840104166666666 0.6220740740740741 0.026078124999999966 0.0386388888888889
5 0.3840052083333333 0.6574537037037037 0.023562500000000004 0.029694444444444384
5 0.5356822916666667 0.5165277777777778 0.022651041666666552 0.04067592592592598