2 0.2920052083333333 0.5375 0.023604166666666634 0.045750000000000075
1 0.47128125 0.6732037037037036 0.021619791666666662 0.04676851851851851
3 0.3431197916666667 0.5108703703703704 0.02507812500000005 0.049740740740740766
3 0.5144010416666667 0.49836111111111114 0.02476041666666665 0.045675925925925856
2 0.4978802083333333 0.6079537037037037 0.0280885416666667 0.0430092592592593
5 0.5354270833333333 0.517712962962963 0.023812499999999896 0.04062962962962973
3 0.5239739583333333 0.6587777777777778 0.019802083333333324 0.038120370370370436
3 0.425046875 0.6975370370370371 0.01810416666666666 0.04387962962962972
1 0.40090625 0.5029351851851851 0.022947916666666637 0.043351851851851794
3 0.45497916666666666 0.4234351851851852 0.023692708333333336 0.05007407407407411
4 0.2856666666666667 0.627824074074074 0.023635416666666725 0.04156481481481491
2 0.4786197916666667 0.4668240740740741 0.024208333333333342 0.03848148148148153
5 0.3778125 0.6223240740740741 0.025968749999999947 0.037462962962962996
4 0.5469375 0.6756018518518518 0.03284895833333342 0.03551851851851843
0 0.440265625 0.6464907407407408 0.032005208333333354 0.04064814814814823
3 0.36065625 0.5476851851851852 0.02332812499999998 0.04137037037037043
2 0.3106875 0.6247037037037036 0.024619791666666658 0.03721296296296301
2 0.4535572916666667 0.48095370370370366 0.023921875000000033 0.04679629629629626
4 0.49028645833333334 0.4986666666666666 0.023531250000000035 0.034981481481481454
2 0.34694791666666663 0.6176944444444444 0.022291666666666644 0.034101851851851786
3 0.40691666666666665 0.5773148148148148 0.022250000000000013 0.04722222222222222
3 0.4195052083333334 0.48501851851851857 0.020182291666666668 0.0364351851851851
4 0.4600104166666667 0.6225092592592593 0.02219791666666661 0.03261111111111114
1 0.3832864583333333 0.5818703703703704 0.024635416666666642 0.04053703703703701
2 0.42647395833333335 0.6080185185185185 0.02148958333333333 0.0455555555555556
4 0.31845833333333334 0.5712777777777778 0.01878124999999997 0.040046296296296295
3 0.5401354166666666 0.6309166666666667 0.022020833333333437 0.03953703703703708
3 0.359765625 0.5867037037037037 0.02255729166666664 0.038120370370370436
0 0.5106458333333334 0.5423888888888888 0.026151041666666687 0.0412037037037037
2 0.4092864583333334 0.6397314814814814 0.02158333333333336 0.05083333333333342
0 0.440828125 0.5250833333333333 0.030348958333333325 0.04117592592592595
0 0.4813541666666667 0.5751666666666666 0.023958333333333335 0.03821296296296295
2 0.4467135416666667 0.6878981481481481 0.025453124999999945 0.04067592592592598
0 0.37005208333333334 0.5113148148148149 0.027718750000000014 0.03681481481481481
1 0.48260416666666667 0.5357962962962962 0.023244791666666723 0.03795370370370371
5 0.3832291666666666 0.6571111111111111 0.022213541666666715 0.030472222222222296
4 0.4533229166666667 0.5867592592592593 0.026151041666666687 0.03492592592592595
0 0.33778125 0.553675925925926 0.021322916666666695 0.03878703703703713
0 0.4314791666666667 0.5640185185185185 0.022916666666666665 0.03895370370370364
0 0.46722395833333336 0.5085462962962963 0.021255208333333307 0.04623148148148154
3 0.38990625 0.5418333333333333 0.027104166666666648 0.03832407407407417
0 0.4614322916666667 0.5525 0.021723958333333352 0.03478703703703698
3 0.414203125 0.5341388888888889 0.022255208333333342 0.03626851851851859