3 0.38838020833333337 0.5139537037037037 0.02752604166666662 0.03722222222222227
2 0.2920208333333333 0.537675925925926 0.02368750000000001 0.045657407407407355
5 0.3404739583333333 0.6012592592592593 0.02720312500000001 0.04060185185185177
3 0.3271822916666667 0.5136018518518519 0.02788020833333332 0.044444444444444446
1 0.47084895833333335 0.6910740740740741 0.027286458333333385 0.03931481481481485
3 0.40902083333333333 0.5771296296296295 0.022958333333333296 0.04556481481481485
3 0.370640625 0.5466481481481481 0.022145833333333323 0.040370370370370286
1 0.38641666666666663 0.5905555555555555 0.023515625000000047 0.04522222222222215
3 0.42317187500000003 0.6968333333333334 0.017020833333333367 0.0448333333333334
4 0.5471614583333333 0.6754351851851852 0.03260416666666662 0.03545370370370367
2 0.50196875 0.6423611111111112 0.023463541666666643 0.04989814814814824
4 0.4868385416666667 0.5459537037037037 0.024807291666666724 0.03535185185185191
4 0.44903645833333333 0.5994166666666667 0.020374999999999942 0.045648148148148104
1 0.4888541666666667 0.5950925925925926 0.025151041666666648 0.03853703703703694
3 0.411296875 0.5278518518518519 0.01963541666666669 0.03857407407407415
0 0.4368854166666667 0.6504629629629629 0.031114583333333338 0.044361111111111184
3 0.321625 0.6503055555555556 0.023036458333333343 0.03991666666666657
2 0.28845312500000003 0.6633888888888889 0.024026041666666723 0.03025925925925932
4 0.28593229166666667 0.6256666666666667 0.02344791666666666 0.04244444444444437
3 0.290046875 0.35394444444444445 0.022151041666666652 0.03462037037037036
2 0.4052604166666667 0.6346851851851852 0.029630208333333387 0.03787962962962971
3 0.5401510416666666 0.6303888888888889 0.022208333333333267 0.03933333333333335
2 0.30957291666666664 0.620537037037037 0.0222291666666667 0.0382407407407407
0 0.33818750000000003 0.5494351851851852 0.02307812499999997 0.038777777777777876
2 0.4447291666666667 0.6935 0.025583333333333277 0.03832407407407417
0 0.4784479166666667 0.5106296296296297 0.029104166666666723 0.03477777777777773
0 0.47830208333333335 0.6557407407407407 0.02553124999999999 0.035694444444444404
0 0.5125729166666667 0.5495555555555556 0.02528124999999998 0.04047222222222226
0 0.352921875 0.5119166666666667 0.0226197916666667 0.0455740740740741
4 0.31826041666666666 0.5700277777777778 0.020614583333333294 0.038777777777777876
2 0.42664583333333334 0.606925925925926 0.021453125000000028 0.04588888888888884
4 0.45923437500000003 0.6361388888888888 0.01637500000000003 0.0386388888888889
5 0.6223645833333333 0.42745370370370367 0.02865104166666678 0.03975925925925931
0 0.4383385416666667 0.514212962962963 0.027921874999999947 0.04311111111111106
3 0.5244375 0.6584351851851852 0.02192187499999996 0.03251851851851842
0 0.430015625 0.561861111111111 0.023177083333333334 0.038388888888888924
0 0.4521614583333333 0.5553518518518519 0.01963541666666669 0.03726851851851852
3 0.63878125 0.21269444444444446 0.024989583333333343 0.045305555555555564