3 0.32752604166666666 0.5136296296296297 0.028140624999999985 0.04434259259259268
2 0.29219791666666667 0.5375833333333334 0.02325520833333338 0.04524074074074065
3 0.3886354166666666 0.5141018518518519 0.02778124999999996 0.03707407407407404
5 0.34094270833333334 0.6005925925925926 0.02692708333333336 0.040361111111111035
1 0.47055729166666665 0.6912499999999999 0.027156250000000052 0.039685185185185094
3 0.40921875 0.5772685185185186 0.022880208333333367 0.045351851851851865
1 0.38661979166666666 0.5906666666666667 0.023494791666666615 0.04584259259259259
3 0.37091145833333333 0.546787037037037 0.022401041666666663 0.04038888888888879
3 0.411890625 0.5280462962962963 0.019682291666666647 0.03855555555555565
3 0.42294791666666665 0.6969074074074074 0.016703124999999968 0.0448518518518519
3 0.32175 0.6502777777777777 0.022937499999999982 0.04022222222222227
2 0.5018958333333333 0.6431296296296297 0.02343229166666667 0.04954629629629629
4 0.5467916666666667 0.6754907407407407 0.03288020833333339 0.035166666666666686
4 0.44921875 0.5997592592592592 0.02041145833333336 0.0463333333333333
1 0.4894375 0.5945370370370371 0.024911458333333296 0.0393240740740741
3 0.54015625 0.6304351851851852 0.02195312500000005 0.039620370370370334
4 0.48710416666666667 0.5458518518518518 0.02484895833333335 0.03530555555555566
0 0.4370833333333334 0.6503981481481481 0.0308958333333333 0.044398148148148193
4 0.2861458333333333 0.6257037037037037 0.023250000000000052 0.04246296296296287
2 0.28822916666666665 0.6633796296296297 0.023697916666666666 0.03092592592592601
2 0.40555729166666665 0.6345648148148149 0.02951562500000004 0.03766666666666672
0 0.3384270833333333 0.5496481481481481 0.023635416666666725 0.03777777777777774
2 0.309609375 0.6203796296296297 0.022166666666666637 0.03778703703703699
2 0.444484375 0.6936388888888889 0.02591666666666666 0.038398148148148174
0 0.478171875 0.6557592592592593 0.02573958333333337 0.035731481481481406
0 0.4787604166666667 0.5100740740740741 0.02909374999999995 0.035296296296296194
4 0.45958333333333334 0.6361388888888888 0.015921874999999967 0.03879629629629638
0 0.5127604166666667 0.5495833333333333 0.025541666666666647 0.04065740740740748
4 0.3185208333333333 0.5699074074074074 0.02058854166666665 0.03890740740740739
2 0.42667187500000003 0.6067870370370371 0.021718750000000023 0.04643518518518527
0 0.35333333333333333 0.5114722222222222 0.022963541666666625 0.04548148148148138
0 0.43872395833333333 0.5142222222222222 0.028135416666666656 0.04351851851851852
3 0.5245468750000001 0.6584166666666667 0.02243749999999996 0.032731481481481396
0 0.4303177083333333 0.5619074074074074 0.023265625000000036 0.03875925925925917
5 0.6226875 0.4272222222222222 0.028536458333333313 0.03950925925925922
0 0.4523229166666667 0.5554166666666667 0.01952083333333334 0.03752777777777775
3 0.638671875 0.21377777777777776 0.02463541666666676 0.04579629629629628