3 0.38837499999999997 0.5140833333333333 0.027713541666666685 0.03680555555555556
2 0.292 0.5378518518518518 0.023489583333333286 0.04558333333333335
1 0.47036458333333336 0.6914907407407407 0.027302083333333373 0.039694444444444345
2 0.33000520833333336 0.39585185185185184 0.02752604166666662 0.03873148148148152
5 0.3407395833333334 0.6007407407407407 0.027052083333333362 0.040768518518518496
1 0.38626041666666666 0.5905648148148147 0.023489583333333286 0.04505555555555563
3 0.40886979166666665 0.5772777777777778 0.022947916666666637 0.0459537037037038
3 0.3706875 0.5467407407407407 0.02244270833333329 0.04089814814814822
1 0.489140625 0.5947407407407408 0.024989583333333343 0.03918518518518513
2 0.5016302083333334 0.6433333333333333 0.023588541666666647 0.049333333333333305
4 0.5466927083333334 0.6757314814814814 0.032760416666666715 0.03534259259259266
3 0.32727083333333334 0.5137685185185186 0.027822916666666704 0.04384259259259251
3 0.42277604166666666 0.6971944444444444 0.01686979166666672 0.04464814814814817
3 0.321171875 0.650175925925926 0.022984375000000057 0.03992592592592582
3 0.41146875 0.5281851851851852 0.01921875000000005 0.03891666666666664
0 0.43653125 0.6506759259259259 0.031098958333333353 0.04448148148148145
2 0.28813020833333336 0.6636666666666666 0.023609374999999964 0.03027777777777782
2 0.404984375 0.6354629629629629 0.029354166666666615 0.03925000000000009
4 0.44899479166666667 0.5998148148148148 0.02009895833333329 0.04658333333333328
2 0.4443072916666667 0.6939351851851853 0.025510416666666678 0.038425925925925926
2 0.3093125 0.6210185185185185 0.021854166666666685 0.038388888888888924
0 0.33806250000000004 0.5497777777777778 0.02354687500000002 0.03915740740740738
3 0.5397760416666666 0.6307777777777778 0.02223958333333324 0.039629629629629584
4 0.48690625 0.5458888888888889 0.02471875000000002 0.03560185185185189
4 0.2857760416666667 0.6260925925925925 0.02365104166666671 0.042759259259259316
0 0.4779375 0.6560277777777778 0.02567187499999998 0.0360000000000001
0 0.4784791666666666 0.5103240740740741 0.02894791666666663 0.0349166666666667
0 0.5125 0.5496203703703704 0.02563541666666668 0.040685185185185234
2 0.426484375 0.6072314814814814 0.021609375000000004 0.045509259259259346
0 0.3531666666666667 0.511888888888889 0.022625000000000027 0.04545370370370363
4 0.31820833333333337 0.570212962962963 0.02049999999999995 0.03895370370370364
3 0.5239947916666667 0.658787037037037 0.02201562499999999 0.033037037037037094
4 0.4591458333333333 0.6368981481481482 0.015848958333333368 0.03914814814814812
0 0.43847916666666664 0.5141851851851852 0.02805729166666661 0.04316666666666657
5 0.6238072916666667 0.4271851851851852 0.030322916666666564 0.03730555555555552
0 0.4300625 0.5621111111111111 0.02326041666666671 0.03878703703703713
0 0.4521614583333333 0.5554907407407407 0.019578124999999957 0.03685185185185181
3 0.6387083333333333 0.21254629629629632 0.025583333333333277 0.04426851851851852