3 0.32831770833333335 0.5139722222222223 0.028421874999999968 0.0448518518518519
1 0.46956770833333333 0.6908518518518518 0.027104166666666648 0.03987962962962957
2 0.2928385416666667 0.5378518518518518 0.023604166666666634 0.04545370370370363
5 0.340875 0.6005648148148148 0.026968749999999986 0.04023148148148152
3 0.409359375 0.5771296296296295 0.02290625000000001 0.04593518518518509
3 0.3892291666666667 0.5148055555555555 0.027494791666666647 0.037444444444444495
5 0.5186822916666667 0.40593518518518523 0.026255208333333377 0.036777777777777805
3 0.37128645833333335 0.5469907407407407 0.02258333333333328 0.0408055555555555
1 0.38664583333333336 0.5904907407407407 0.023380208333333385 0.04516666666666664
3 0.4724583333333333 0.3655 0.02481770833333338 0.04433333333333333
1 0.4894322916666667 0.5944907407407407 0.024885416666666653 0.03886111111111114
3 0.41230208333333335 0.5284814814814814 0.01963020833333336 0.038805555555555635
3 0.3208958333333333 0.6498333333333334 0.02307812499999997 0.04022222222222227
4 0.54621875 0.675212962962963 0.0325781250000001 0.035407407407407415
3 0.42197395833333334 0.6965462962962963 0.017067708333333324 0.04415740740740746
2 0.5012916666666667 0.6425648148148149 0.02319270833333332 0.048990740740740814
0 0.4364947916666667 0.6500277777777778 0.03110937500000001 0.044416666666666695
3 0.5396770833333334 0.6301296296296296 0.021614583333333333 0.03952777777777783
4 0.4491822916666666 0.599824074074074 0.020578124999999996 0.045712962962962865
0 0.33911979166666667 0.5495185185185185 0.023281250000000024 0.03850925925925918
2 0.28738020833333333 0.6631666666666667 0.023770833333333387 0.030694444444444528
2 0.4049479166666667 0.634962962962963 0.029203124999999965 0.03765740740740747
4 0.28575520833333334 0.625638888888889 0.023239583333333275 0.0422870370370371
2 0.30934375000000003 0.6206296296296296 0.022291666666666644 0.03850925925925918
4 0.4877291666666667 0.5457037037037037 0.024812500000000053 0.03553703703703714
0 0.4792552083333333 0.5107592592592592 0.02872395833333338 0.03481481481481473
2 0.443546875 0.6930648148148149 0.026192708333333314 0.039064814814814865
0 0.47791666666666666 0.6555092592592593 0.02559375000000005 0.03593518518518513
2 0.4266510416666666 0.6067222222222222 0.021510416666666643 0.04581481481481483
0 0.35350000000000004 0.5117592592592592 0.023416666666666686 0.045703703703703615
0 0.5133333333333333 0.5496851851851852 0.025723958333333387 0.039796296296296316
4 0.45911979166666667 0.6362314814814815 0.01608854166666672 0.038425925925925926
0 0.43922916666666667 0.5144351851851852 0.028026041666666637 0.04314814814814806
3 0.5237291666666667 0.6577592592592593 0.022359374999999914 0.0323148148148149
4 0.3189114583333333 0.5698981481481482 0.020796875000000034 0.03925000000000009
0 0.430671875 0.562212962962963 0.023213541666666632 0.03875925925925917
0 0.4527760416666667 0.5554351851851852 0.01952083333333334 0.03696296296296303