1 0.4613697916666667 0.38349074074074074 0.030380208333333294 0.03549074074074078
5 0.5186614583333333 0.4074074074074074 0.02691145833333337 0.037037037037037035
0 0.4778645833333333 0.5108055555555555 0.02691145833333337 0.03395370370370377
0 0.5125885416666667 0.5501574074074074 0.02517187499999996 0.041666666666666664
0 0.3528645833333333 0.5123425925925926 0.02170312500000004 0.046296296296296294
0 0.4383697916666666 0.5169722222222223 0.026041666666666668 0.04321296296296303
0 0.4370677083333333 0.6504629629629629 0.028645833333333332 0.044749999999999936
0 0.4778645833333333 0.6566388888888889 0.02517187499999996 0.0385833333333334
0 0.4292552083333333 0.5640462962962962 0.02170312500000004 0.0385833333333334
0 0.451390625 0.5571018518518518 0.022567708333333294 0.04321296296296303
3 0.3276927083333333 0.5162037037037037 0.02691145833333337 0.044749999999999936
3 0.388453125 0.5162037037037037 0.02691145833333337 0.03549074074074067
3 0.369359375 0.5493796296296297 0.01996354166666663 0.040120370370370306
3 0.408421875 0.5771574074074074 0.02517187499999996 0.046296296296296294
3 0.412328125 0.5285462962962963 0.01909895833333337 0.0385833333333334
3 0.540796875 0.6288611111111111 0.020833333333333332 0.0385833333333334
3 0.5238697916666667 0.658175925925926 0.02517187499999996 0.0385833333333334
3 0.322046875 0.6504629629629629 0.024307291666666706 0.0385833333333334
3 0.4231770833333333 0.6975277777777779 0.016494791666666706 0.046296296296296294
2 0.2925364583333333 0.5401203703703704 0.024307291666666706 0.046296296296296294
2 0.4283854166666667 0.6080277777777777 0.02170312500000004 0.046296296296296294
2 0.5026041666666666 0.6450648148148148 0.024307291666666706 0.05247222222222229
2 0.4448802083333333 0.6928981481481482 0.02170312500000004 0.040120370370370306
2 0.40625 0.6350277777777779 0.02951562500000004 0.03549074074074067
2 0.310328125 0.6203703703703703 0.01996354166666663 0.040120370370370306
2 0.2903645833333333 0.6635833333333333 0.0234375 0.027777777777777776
4 0.4874114583333334 0.5462962962962963 0.02517187499999996 0.03395370370370377
4 0.5473072916666666 0.6759259259259259 0.035588541666666626 0.040120370370370306
4 0.4596354166666667 0.6365740740740741 0.016494791666666706 0.041666666666666664
4 0.4500885416666666 0.6010833333333333 0.02170312500000004 0.044749999999999936
4 0.318578125 0.5717592592592593 0.020833333333333332 0.04784259259259266
4 0.2877604166666667 0.6257685185185186 0.0234375 0.044749999999999936
1 0.490015625 0.5964537037037037 0.02517187499999996 0.041666666666666664
1 0.470921875 0.6898148148148148 0.028645833333333332 0.040120370370370306
1 0.3880208333333333 0.591824074074074 0.026041666666666668 0.04784259259259266
0 0.3389739583333334 0.5501574074074074 0.0234375 0.041666666666666664
5 0.3411458333333333 0.6018518518518519 0.02777604166666663 0.040120370370370306