3 0.32716666666666666 0.5135648148148148 0.02780729166666672 0.0444907407407407
2 0.29197395833333334 0.5374722222222222 0.02325520833333338 0.04554629629629635
5 0.340875 0.600574074074074 0.026963541666666656 0.04093518518518522
1 0.4707135416666667 0.6912685185185186 0.027541666666666725 0.03975925925925931
1 0.38647916666666665 0.5905555555555555 0.023562500000000004 0.045379629629629624
5 0.51778125 0.4054537037037037 0.02645833333333331 0.036796296296296306
3 0.38827083333333334 0.5143518518518518 0.02754687500000005 0.0371388888888888
3 0.4090052083333333 0.5769722222222222 0.02296874999999995 0.04549074074074084
3 0.3706197916666667 0.5467037037037038 0.02211979166666668 0.040444444444444505
4 0.547140625 0.6755925925925926 0.03292708333333323 0.03518518518518519
3 0.41128125 0.5278981481481482 0.01984374999999995 0.03885185185185189
1 0.4893072916666667 0.5943703703703703 0.024874999999999994 0.03912037037037037
4 0.449078125 0.5999351851851852 0.02020312499999998 0.04680555555555551
0 0.4368697916666667 0.650611111111111 0.031312499999999945 0.0444537037037037
2 0.5019218750000001 0.6432129629629629 0.02321874999999996 0.04949074074074078
3 0.42330729166666664 0.6970648148148149 0.01711458333333328 0.044685185185185175
3 0.3216145833333333 0.6502129629629629 0.022885416666666696 0.04039814814814825
4 0.486828125 0.5456111111111112 0.0245729166666667 0.03537037037037041
3 0.54021875 0.630537037037037 0.02201562499999999 0.039722222222222305
0 0.33816666666666667 0.5491666666666667 0.022947916666666637 0.03900925925925936
0 0.5125416666666667 0.5496481481481481 0.025166666666666632 0.040722222222222236
2 0.288484375 0.6634907407407408 0.02390625000000005 0.030629629629629562
4 0.28594270833333335 0.6258148148148148 0.0234739583333333 0.04257407407407409
2 0.40538541666666666 0.6346111111111111 0.029265625000000028 0.0382962962962962
2 0.4448802083333333 0.6937222222222222 0.025411458333333314 0.03868518518518516
2 0.309640625 0.6206388888888889 0.022218750000000044 0.03837962962962967
4 0.3183229166666666 0.5698333333333333 0.020354166666666628 0.03851851851851843
0 0.47838020833333333 0.6557314814814815 0.025765625000000014 0.03558333333333339
0 0.3530052083333333 0.5114907407407407 0.02269791666666663 0.0452499999999999
4 0.4594947916666667 0.6363518518518518 0.01597395833333337 0.038648148148148154
0 0.47847395833333334 0.5098888888888888 0.02915625000000001 0.03520370370370369
2 0.4267239583333333 0.6063981481481481 0.021437500000000043 0.046620370370370284
0 0.4383854166666667 0.5141111111111111 0.027999999999999994 0.043407407407407506
3 0.5245312500000001 0.6586388888888889 0.022145833333333323 0.03250925925925917
0 0.4299427083333333 0.5618240740740741 0.023130208333333378 0.03837962962962967
0 0.452125 0.5550925925925926 0.019380208333333353 0.03726851851851852