3 0.34246354166666665 0.5433796296296296 0.026479166666666623 0.04494444444444441
5 0.3021145833333333 0.4207314814814815 0.02432812500000002 0.04202777777777777
0 0.42273958333333334 0.6191388888888889 0.026213541666666628 0.0452499999999999
4 0.4828541666666667 0.4201944444444444 0.022890625000000022 0.04330555555555554
5 0.5482395833333332 0.5388981481481482 0.026151041666666687 0.03616666666666662
3 0.4344427083333333 0.4367777777777778 0.02400520833333329 0.03502777777777782
3 0.4438489583333334 0.5646666666666667 0.0179322916666667 0.0455185185185186
4 0.358703125 0.4162314814814815 0.032203124999999964 0.036240740740740726
0 0.38672395833333334 0.6807222222222222 0.021932291666666614 0.04640740740740731
5 0.530640625 0.6861666666666666 0.027171875000000036 0.044027777777777735
3 0.37771875 0.5631203703703703 0.024786458333333292 0.03548148148148142
0 0.4364739583333333 0.3154074074074074 0.026760416666666724 0.03734259259259263
0 0.45646354166666664 0.5006296296296295 0.0258177083333333 0.041101851851851945
5 0.48905729166666667 0.5128888888888888 0.02365104166666671 0.03951851851851858
0 0.3681145833333333 0.6307592592592592 0.02439062499999996 0.05149074074074065
2 0.385546875 0.4382037037037037 0.02116666666666672 0.03945370370370371
5 0.420765625 0.5343333333333333 0.022031249999999978 0.043444444444444515
3 0.37535937500000005 0.4993703703703704 0.01804166666666672 0.04055555555555551
1 0.4647239583333333 0.6399259259259259 0.023276041666666695 0.03844444444444443
5 0.507796875 0.6043518518518519 0.027270833333333282 0.03359259259259257
3 0.4044739583333333 0.4585 0.020333333333333314 0.03733333333333338
5 0.502078125 0.5660277777777777 0.02148958333333333 0.03998148148148154
3 0.40506770833333333 0.4945462962962963 0.022255208333333342 0.030212962962963063
3 0.30468229166666666 0.6143240740740741 0.020338541666666644 0.047277777777777724
3 0.39698958333333334 0.5310555555555555 0.02581249999999997 0.042064814814814874