0 0.4391041666666667 0.5153148148148148 0.028843750000000057 0.0448703703703704
0 0.47836458333333337 0.513175925925926 0.03125 0.037749999999999985
0 0.512421875 0.5505740740740741 0.024838541666666696 0.041314814814814714
0 0.4366979166666667 0.6527777777777778 0.03285416666666663 0.046296296296296294
0 0.47856770833333334 0.6556296296296297 0.026843749999999982 0.030629629629629562
0 0.4296875 0.5616111111111111 0.022838541666666618 0.03632407407407409
0 0.45252604166666666 0.5587592592592593 0.018031249999999943 0.04060185185185177
0 0.3375416666666667 0.5491481481481482 0.023635416666666725 0.03561111111111114
0 0.3525625 0.5121111111111112 0.023239583333333275 0.04558333333333335
2 0.29246875 0.5381018518518518 0.024036458333333382 0.0448703703703704
2 0.3098958333333333 0.6214351851851851 0.02123437499999999 0.03632407407407409
2 0.28866145833333334 0.6638148148148147 0.022036458333333304 0.028490740740740723
2 0.4060520833333333 0.6335462962962963 0.02844791666666661 0.0348981481481482
2 0.4268854166666667 0.6064814814814815 0.020432291666666675 0.0448703703703704
2 0.50240625 0.6442314814814815 0.024036458333333382 0.05199074074074082
2 0.4445104166666667 0.6933796296296296 0.026843749999999982 0.0348981481481482
4 0.546875 0.6755740740740741 0.03365624999999994 0.03917592592592588
4 0.31830729166666666 0.5705092592592592 0.01963020833333336 0.03846296296296293
4 0.28525520833333334 0.6267777777777778 0.024036458333333382 0.041314814814814714
4 0.44871875 0.6015 0.019229166666666703 0.0448703703703704
4 0.4601354166666667 0.636037037037037 0.014020833333333371 0.034185185185185256
4 0.48657812500000003 0.5462962962962963 0.027645833333333297 0.03275925925925936
3 0.32752604166666666 0.513537037037037 0.027645833333333297 0.04415740740740746
3 0.38842187499999997 0.5153148148148148 0.02844791666666661 0.037749999999999985
3 0.410859375 0.5299166666666666 0.022838541666666618 0.042731481481481565
3 0.37079166666666663 0.5466481481481481 0.022036458333333304 0.04201851851851862
3 0.40985416666666663 0.5772777777777778 0.024838541666666696 0.046296296296296294
3 0.5398645833333333 0.6303425925925926 0.023635416666666725 0.03561111111111114
3 0.5242395833333333 0.6570555555555556 0.022838541666666618 0.032055555555555455
3 0.42367708333333337 0.6955092592592592 0.014822916666666686 0.04772222222222219
3 0.3219166666666667 0.6481481481481481 0.022838541666666618 0.042731481481481565
1 0.387421875 0.5918796296296297 0.02243749999999996 0.04558333333333335
1 0.4893854166666667 0.5954444444444444 0.025239583333333353 0.03846296296296293
1 0.47055208333333337 0.6926666666666667 0.027645833333333297 0.04060185185185177
5 0.3411458333333333 0.6032777777777777 0.026041666666666668 0.04558333333333335