3 0.3823489583333333 0.49195370370370367 0.026187499999999985 0.04028703703703703
3 0.32474479166666664 0.5051388888888888 0.02354687500000002 0.049740740740740766
5 0.34082291666666664 0.6006574074074075 0.02709895833333332 0.04048148148148151
2 0.29205729166666666 0.5377037037037037 0.02358333333333332 0.04556481481481485
1 0.3750677083333333 0.5956851851851852 0.022536458333333325 0.04472222222222218
1 0.47022395833333336 0.6911388888888889 0.02644791666666665 0.040824074074074
1 0.489 0.5940555555555556 0.025359375000000028 0.03981481481481482
0 0.515625 0.5519999999999999 0.024583333333333356 0.04279629629629632
0 0.41345833333333337 0.5566851851851852 0.024124999999999966 0.03945370370370361
0 0.35134895833333335 0.5102314814814815 0.022286458333333314 0.0459722222222223
4 0.5465104166666667 0.6752685185185184 0.03256249999999999 0.035092592592592675
2 0.50184375 0.6406296296296297 0.02318749999999999 0.048361111111111126
3 0.42264583333333333 0.6965555555555555 0.01694791666666665 0.044990740740740665
4 0.46094270833333334 0.6363796296296296 0.018088541666666676 0.03559259259259264
3 0.39671875 0.5885 0.02237500000000002 0.04786111111111116
2 0.42566666666666664 0.6086203703703703 0.022666666666666658 0.04251851851851859
4 0.4505416666666667 0.6010740740740741 0.025796874999999986 0.0382222222222222
3 0.3213125 0.6499722222222223 0.022750000000000034 0.03950000000000008
2 0.40262499999999996 0.6371481481481481 0.029031250000000005 0.03480555555555548
0 0.47860937499999995 0.6574074074074074 0.025375000000000016 0.03630555555555559
0 0.33811458333333333 0.5497962962962962 0.023312499999999996 0.03754629629629625
4 0.285609375 0.6257222222222222 0.023520833333333376 0.042490740740740836
0 0.44676041666666666 0.5618055555555556 0.021109374999999986 0.03760185185185176
3 0.5396249999999999 0.6299166666666666 0.021932291666666732 0.03927777777777784
0 0.43605208333333334 0.6530648148148147 0.03166666666666664 0.04052777777777776
2 0.2880625 0.6635648148148148 0.02407291666666668 0.030157407407407348
2 0.3091666666666667 0.6203796296296297 0.021869791666666673 0.038083333333333434
2 0.44444791666666666 0.6921018518518519 0.025088541666666703 0.03941666666666661
3 0.43831770833333333 0.47402777777777777 0.02102604166666661 0.035981481481481496
4 0.31799479166666667 0.5699166666666666 0.019979166666666614 0.03859259259259265
3 0.523921875 0.6584907407407407 0.021786458333333297 0.03201851851851845
3 0.3739947916666667 0.5417592592592593 0.02312500000000005 0.040361111111111035