3 0.32468749999999996 0.5049814814814815 0.02361979166666662 0.04950000000000004
3 0.38157291666666665 0.4921944444444445 0.026515625000000043 0.039712962962963054
5 0.3408697916666667 0.6005092592592592 0.027145833333333275 0.041398148148148184
2 0.2919375 0.5378703703703703 0.023359374999999953 0.045768518518518576
1 0.48895833333333333 0.5942222222222222 0.025343750000000043 0.039777777777777815
1 0.37517187500000004 0.59575 0.023057291666666656 0.045009259259259166
1 0.47044270833333335 0.6914537037037037 0.02637500000000005 0.04039814814814825
0 0.35108333333333336 0.5106111111111111 0.02247916666666671 0.046046296296296314
0 0.515578125 0.5524166666666667 0.024593750000000015 0.04277777777777782
3 0.42295312500000004 0.6965370370370371 0.017166666666666684 0.04482407407407415
3 0.3211822916666666 0.649824074074074 0.02296874999999995 0.03988888888888882
0 0.3877864583333333 0.3536388888888889 0.029265625000000028 0.04124074074074071
4 0.5468333333333334 0.6755833333333333 0.032588541666666755 0.03501851851851846
3 0.3966927083333333 0.5891666666666666 0.02205208333333329 0.04832407407407412
2 0.5019114583333333 0.6409814814814815 0.023104166666666613 0.048425925925925886
2 0.42586979166666666 0.6084814814814814 0.022994791666666715 0.04201851851851862
3 0.5397135416666666 0.630537037037037 0.02194270833333339 0.03913888888888887
2 0.40309895833333337 0.6374166666666666 0.029531250000000023 0.03469444444444447
4 0.46108854166666663 0.6367037037037037 0.018244791666666652 0.03558333333333339
2 0.30926041666666665 0.6205185185185185 0.022078125000000053 0.038731481481481415
2 0.2880364583333333 0.6632592592592593 0.02343229166666667 0.030537037037037053
0 0.4785989583333333 0.6573518518518519 0.02560416666666671 0.03620370370370362
0 0.4466822916666667 0.5619166666666666 0.02126562499999996 0.03757407407407401
0 0.436265625 0.6533148148148149 0.031567708333333284 0.04053703703703701
4 0.2855989583333333 0.6256944444444444 0.023572916666666662 0.04258333333333334
0 0.33800520833333336 0.5499537037037038 0.02300000000000004 0.03794444444444446
2 0.44452083333333337 0.692037037037037 0.024906249999999967 0.03991666666666657
4 0.45074479166666664 0.6013611111111111 0.02582291666666663 0.03782407407407399
3 0.524140625 0.6584444444444445 0.022276041666666656 0.03287037037037037
4 0.31809375 0.5700648148148147 0.02031770833333333 0.038814814814814885
3 0.37257812500000004 0.544537037037037 0.02291145833333334 0.04106481481481473
0 0.413140625 0.5572037037037036 0.022421874999999977 0.03824999999999995