3 0.32463020833333334 0.5050833333333333 0.02365625000000004 0.049722222222222265
3 0.3814375 0.4921203703703704 0.026427083333333337 0.039694444444444345
5 0.3411145833333334 0.6007962962962963 0.02702083333333339 0.040768518518518496
1 0.48921875 0.5946018518518518 0.0254270833333333 0.04000000000000004
2 0.29218229166666665 0.5374351851851852 0.023598958333333305 0.04543518518518513
1 0.37540104166666666 0.5960185185185186 0.022734375000000046 0.04488888888888891
1 0.47084895833333335 0.6915185185185185 0.026411458333333353 0.040370370370370286
0 0.5156510416666666 0.5525277777777778 0.024630208333333313 0.04291666666666658
0 0.35097395833333334 0.5101851851851852 0.022515625000000008 0.046351851851851804
3 0.4233541666666667 0.6969537037037037 0.016973958333333292 0.0448333333333334
3 0.3728385416666667 0.5443796296296296 0.022817708333333304 0.04083333333333325
0 0.4135625 0.5567129629629629 0.024119791666666637 0.0393240740740741
4 0.5471458333333333 0.6759444444444445 0.032723958333333296 0.03512037037037043
2 0.5023125 0.6415092592592593 0.02319270833333332 0.048768518518518586
4 0.461390625 0.6366481481481482 0.017984374999999986 0.03545370370370367
3 0.39696875 0.5892407407407407 0.022307291666666628 0.04854629629629636
0 0.44691145833333334 0.5618981481481482 0.02127604166666662 0.03797222222222221
3 0.32163020833333333 0.6500833333333333 0.023062499999999986 0.04011111111111105
4 0.45102083333333337 0.6014907407407407 0.025755208333333356 0.03823148148148145
2 0.42615625 0.6096018518518519 0.02296874999999995 0.043462962962963016
0 0.478890625 0.657537037037037 0.025583333333333277 0.03624074074074083
3 0.540125 0.6307685185185186 0.022046874999999962 0.03912962962962962
0 0.4367395833333333 0.653462962962963 0.031265624999999984 0.04025925925925928
4 0.2860729166666667 0.6258425925925926 0.02344270833333333 0.04224074074074064
0 0.3381354166666667 0.5503148148148148 0.023505208333333392 0.03762962962962972
2 0.309625 0.6204907407407407 0.0219114583333333 0.03816666666666669
2 0.2885989583333333 0.6635833333333333 0.02401041666666662 0.03025000000000007
2 0.44494791666666667 0.6926111111111111 0.02485416666666668 0.03941666666666661
2 0.40320833333333334 0.6379444444444444 0.028927083333333315 0.03447222222222224
3 0.5246510416666667 0.6589537037037037 0.022031249999999978 0.032731481481481396
4 0.31831770833333334 0.5700555555555555 0.020036458333333347 0.0386388888888889