0 0.37188541666666663 0.5319074074074075 0.025697916666666622 0.03933333333333335
0 0.4134010416666667 0.5572870370370371 0.022604166666666713 0.036796296296296306
0 0.44694791666666667 0.5627777777777777 0.020223958333333295 0.036796296296296306
0 0.5161875 0.5532685185185185 0.023557291666666678 0.04399074074074073
0 0.3385729166666666 0.5507222222222222 0.0237916666666667 0.03552777777777768
0 0.43600520833333334 0.6535092592592592 0.03164583333333333 0.03975925925925931
0 0.47883333333333333 0.6571111111111111 0.025458333333333392 0.03425925925925926
3 0.3238229166666667 0.5056759259259259 0.024270833333333287 0.050333333333333244
3 0.3878229166666667 0.5604537037037036 0.025697916666666622 0.038064814814814725
3 0.40114583333333337 0.5968333333333333 0.02474479166666666 0.049064814814814825
3 0.5400989583333333 0.6300370370370371 0.02236458333333336 0.03849074074074068
3 0.5240364583333332 0.6585833333333333 0.022604166666666713 0.03468518518518522
3 0.42268229166666665 0.6975 0.016416666666666656 0.045685185185185107
3 0.32203645833333333 0.6503425925925926 0.021651041666666634 0.03933333333333335
2 0.2924166666666667 0.5378240740740741 0.02236458333333336 0.044416666666666695
2 0.30966666666666665 0.6196759259259259 0.021651041666666634 0.038064814814814725
2 0.28813020833333336 0.6630277777777778 0.0237916666666667 0.030879629629629545
2 0.4267239583333333 0.6088888888888889 0.02307812499999997 0.044416666666666695
2 0.40352604166666667 0.6370185185185185 0.02950520833333338 0.03468518518518522
2 0.44540104166666666 0.6911574074074075 0.025218750000000036 0.038064814814814725
2 0.50203125 0.6414537037037037 0.023317708333333322 0.04695370370370374
1 0.37580729166666665 0.5987314814814815 0.024984375000000014 0.04356481481481477
1 0.489421875 0.5942962962962963 0.024270833333333287 0.03975925925925931
1 0.4705052083333333 0.6917962962962962 0.026411458333333353 0.04018518518518527
4 0.3190625 0.5703981481481482 0.020937500000000022 0.03849074074074068
4 0.28598958333333335 0.6255925925925926 0.022843749999999947 0.04145370370370369
4 0.4513489583333333 0.6019074074074073 0.025218750000000036 0.03975925925925931
4 0.461703125 0.6368055555555555 0.0183229166666667 0.035111111111111176
4 0.547 0.6755092592592592 0.031406250000000094 0.03384259259259255
5 0.3413072916666666 0.6006388888888889 0.02688541666666661 0.03975925925925931