0 0.4469166666666667 0.5622407407407408 0.0195677083333333 0.03692592592592603
0 0.5154062500000001 0.5539444444444445 0.02408333333333334 0.04495370370370366
0 0.412296875 0.556888888888889 0.023182291666666664 0.039074074074074115
0 0.371203125 0.5317314814814814 0.02649479166666661 0.037999999999999964
0 0.3377864583333333 0.5657222222222222 0.021677083333333277 0.037462962962962996
0 0.43683333333333335 0.6532222222222223 0.03130729166666661 0.037999999999999964
0 0.4785260416666667 0.6583055555555556 0.024989583333333343 0.036398148148148096
2 0.30301041666666667 0.5317314814814814 0.029203124999999965 0.03586111111111113
2 0.30948437500000003 0.6205740740740741 0.022880208333333367 0.039074074074074115
2 0.2882604166666667 0.6633981481481481 0.023781250000000042 0.02943518518518515
2 0.40311458333333333 0.6366296296296295 0.030104166666666644 0.03586111111111113
2 0.42659895833333333 0.6077314814814815 0.021072916666666684 0.04549074074074084
2 0.5021614583333334 0.6417222222222222 0.02408333333333334 0.04816666666666665
2 0.444359375 0.6928333333333333 0.024687500000000046 0.039074074074074115
4 0.3173125 0.5734814814814815 0.016859374999999944 0.039074074074074115
4 0.2858541666666667 0.6267314814814815 0.021979166666666692 0.04067592592592598
4 0.45053125 0.6018425925925927 0.024989583333333343 0.039074074074074115
4 0.4613697916666667 0.6361018518518519 0.01716145833333336 0.03586111111111113
4 0.5474687500000001 0.6751666666666666 0.031010416666666648 0.03372222222222229
5 0.34139583333333334 0.6195092592592593 0.023484374999999957 0.04656481481481478
3 0.3212291666666667 0.6502777777777777 0.023484374999999957 0.03960185185185183
3 0.38715625000000004 0.5614351851851852 0.02408333333333334 0.037462962962962996
3 0.39949999999999997 0.5951574074074074 0.022276041666666656 0.04602777777777781
3 0.5399427083333334 0.6291388888888889 0.02197916666666657 0.039074074074074115
3 0.5247395833333334 0.6588425925925926 0.021072916666666684 0.03318518518518511
3 0.42268229166666665 0.696574074074074 0.018062500000000033 0.044425925925925945
1 0.3758697916666666 0.5991666666666667 0.024385416666666635 0.044425925925925945
1 0.48891666666666667 0.5948888888888889 0.024687500000000046 0.039074074074074115
1 0.47055208333333337 0.6922962962962963 0.025890625000000018 0.04121296296296295