5 0.30214583333333334 0.4205277777777778 0.024624999999999987 0.04175000000000003
3 0.34285937499999997 0.54325 0.026406250000000023 0.04513888888888889
4 0.48278125000000005 0.42005555555555557 0.023244791666666723 0.04341666666666665
0 0.42302083333333335 0.6191574074074074 0.02635937499999995 0.04546296296296288
5 0.5486458333333334 0.5386388888888889 0.026166666666666553 0.035722222222222155
5 0.530578125 0.6861574074074074 0.02713020833333341 0.04374074074074075
4 0.35870833333333335 0.4161574074074074 0.03219791666666663 0.03631481481481484
3 0.43440625 0.43678703703703703 0.02417708333333337 0.034759259259259226
3 0.44411458333333337 0.5646203703703704 0.017749999999999964 0.045509259259259346
3 0.3755520833333333 0.4992037037037037 0.018390624999999973 0.040824074074074
0 0.3867864583333333 0.6808703703703703 0.021848958333333356 0.046462962962963025
5 0.42110416666666667 0.5343611111111112 0.021989583333333347 0.04366666666666674
0 0.45658333333333334 0.5004814814814814 0.02602083333333335 0.04124999999999996
2 0.38554166666666667 0.4381203703703704 0.021187500000000033 0.039388888888888855
0 0.36830729166666665 0.6306296296296297 0.02449479166666665 0.05145370370370365
3 0.3971354166666667 0.5307685185185186 0.02528645833333331 0.039620370370370334
5 0.4894322916666667 0.5129074074074075 0.023635416666666725 0.039796296296296316
1 0.464765625 0.6400092592592593 0.023359374999999953 0.03815740740740744
5 0.5024635416666666 0.5660648148148149 0.021296875000000052 0.039685185185185094
5 0.5079947916666667 0.6042500000000001 0.027411458333333392 0.0338148148148148
3 0.40446875000000004 0.45829629629629626 0.020562500000000008 0.036953703703703676
3 0.37811458333333337 0.5629907407407407 0.02492708333333328 0.03534259259259266
3 0.30547916666666663 0.6140833333333333 0.02031770833333333 0.04651851851851853
3 0.405546875 0.49433333333333335 0.022265625 0.028703703703703703