2 0.553203125 0.7785833333333333 0.026937499999999896 0.041666666666666664
0 0.438953125 0.7825555555555556 0.03110416666666668 0.05129629629629638
3 0.415 0.6555555555555556 0.022411458333333318 0.049055555555555574
4 0.4743645833333333 0.5809722222222222 0.020458333333333318 0.048342592592592624
2 0.39382291666666663 0.6901203703703704 0.020833333333333332 0.051249999999999914
0 0.5159739583333333 0.5516666666666666 0.02486458333333334 0.04255555555555559
5 0.35453125 0.6206944444444444 0.023890624999999943 0.04554629629629635
3 0.41744791666666664 0.6977962962962962 0.023692708333333336 0.03284259259259262
3 0.32264583333333335 0.652 0.023161458333333346 0.03868518518518516
1 0.486359375 0.6825833333333334 0.024088541666666668 0.040685185185185234
2 0.44360937500000003 0.666537037037037 0.025833333333333285 0.0385833333333334
1 0.4978385416666667 0.5968333333333333 0.023927083333333363 0.04152777777777769
3 0.5394687499999999 0.6295462962962962 0.021984375000000018 0.03953703703703708
4 0.285828125 0.6261203703703704 0.02440104166666662 0.040749999999999995
4 0.5477760416666667 0.6748611111111111 0.03211458333333326 0.03512037037037043
2 0.29184375 0.6623148148148148 0.022937499999999982 0.031203703703703747
0 0.33938541666666666 0.5800092592592593 0.024244791666666644 0.03814814814814819
2 0.3099322916666667 0.6234537037037038 0.023036458333333343 0.0349166666666667
4 0.31871875000000005 0.5891203703703703 0.020562500000000008 0.034842592592592696
4 0.4615989583333333 0.6301944444444445 0.019651041666666678 0.03427777777777776
2 0.5034375 0.6426851851851852 0.023041666666666672 0.04788888888888891
3 0.5250885416666666 0.6574907407407408 0.02192187499999996 0.03282407407407412
0 0.47977604166666665 0.6458796296296296 0.022916666666666665 0.04025925925925928