0 0.43881770833333333 0.7826388888888889 0.030739583333333324 0.05086111111111117
2 0.5530468749999999 0.7785833333333333 0.02699479166666663 0.041425925925925935
3 0.4151302083333333 0.6553425925925925 0.02238020833333335 0.04845370370370364
2 0.3939166666666667 0.6899907407407407 0.020859374999999975 0.05121296296296291
5 0.3548072916666667 0.621175925925926 0.023572916666666662 0.04528703703703711
4 0.4725989583333333 0.5856111111111112 0.02733854166666667 0.03690740740740731
2 0.44383854166666664 0.6665648148148148 0.02556770833333329 0.038305555555555454
1 0.48648437499999997 0.6827222222222222 0.024249999999999973 0.04098148148148147
3 0.41772916666666665 0.6979166666666666 0.02361458333333329 0.032777777777777864
2 0.292046875 0.6625277777777777 0.023270833333333366 0.030787037037037036
4 0.5478645833333334 0.6750185185185185 0.03216666666666678 0.03534259259259266
3 0.32286979166666663 0.6522222222222221 0.023375000000000055 0.03852777777777768
4 0.285890625 0.6260462962962963 0.024531249999999952 0.04048148148148151
1 0.5018177083333334 0.5987037037037037 0.025057291666666613 0.03960185185185183
2 0.31029687499999997 0.6234074074074074 0.023250000000000052 0.03536111111111116
3 0.539640625 0.6293796296296297 0.02215624999999998 0.03960185185185183
0 0.33963020833333335 0.5800555555555555 0.024338541666666675 0.03813888888888894
2 0.5036822916666667 0.6442129629629629 0.023421875000000016 0.04659259259259253
4 0.46175520833333333 0.6301018518518519 0.020036458333333347 0.03461111111111121
4 0.3189114583333333 0.5891944444444445 0.020614583333333294 0.03425925925925926
0 0.48006770833333334 0.6462962962962963 0.022890625000000022 0.04057407407407401
3 0.5251875 0.6582222222222223 0.022005208333333335 0.03181481481481472