4 0.472421875 0.5847222222222223 0.027671875000000058 0.034759259259259226
1 0.5015677083333333 0.5984907407407407 0.02471875000000002 0.03869444444444441
1 0.48680729166666664 0.6824444444444444 0.02397916666666665 0.04132407407407417
0 0.43829166666666663 0.7831203703703703 0.030989583333333334 0.05115740740740741
0 0.479984375 0.6463703703703704 0.022135416666666668 0.04132407407407417
2 0.55303125 0.7788611111111111 0.027302083333333373 0.04000925925925929
2 0.5041458333333334 0.6440740740740741 0.022505208333333353 0.04853703703703711
2 0.39365104166666665 0.6893333333333334 0.022135416666666668 0.05115740740740741
2 0.44345833333333334 0.6667037037037037 0.025088541666666703 0.04000925925925929
2 0.31027083333333333 0.6230833333333333 0.024348958333333334 0.036731481481481545
2 0.29164062500000004 0.6624444444444445 0.023244791666666723 0.0301666666666666
4 0.285921875 0.6263703703703704 0.024348958333333334 0.04066666666666673
4 0.4624583333333333 0.6303055555555556 0.01881770833333339 0.032796296296296365
4 0.5474947916666667 0.6739166666666667 0.030989583333333334 0.03738888888888899
3 0.538828125 0.6296481481481482 0.02176562499999998 0.041972222222222154
3 0.5253593750000001 0.6575185185185185 0.022875000000000038 0.033453703703703805
3 0.41763020833333336 0.6978611111111112 0.025088541666666703 0.035416666666666666
3 0.4148645833333333 0.6558796296296296 0.021031250000000057 0.04984259259259253
3 0.322265625 0.6529259259259259 0.023244791666666723 0.03869444444444441
5 0.3567604166666667 0.6552222222222223 0.027302083333333373 0.03935185185185185