4 0.3407135416666666 0.4827222222222223 0.023739583333333297 0.03911111111111112
4 0.46171354166666667 0.6301574074074074 0.0191041666666667 0.03653703703703707
4 0.5478333333333333 0.674675925925926 0.03213020833333336 0.034990740740740704
2 0.356203125 0.516425925925926 0.02460416666666667 0.03550925925925918
2 0.33709375 0.5310925925925927 0.019973958333333285 0.034990740740740704
2 0.504703125 0.6466296296296297 0.024026041666666723 0.04786111111111116
2 0.394265625 0.6896018518518519 0.021421875000000055 0.04940740740740732
2 0.443625 0.6664444444444444 0.025765625000000014 0.037055555555555536
3 0.4148229166666667 0.6561481481481481 0.022000000000000006 0.04734259259259269
3 0.417859375 0.698861111111111 0.02518229166666662 0.030879629629629545
3 0.5391510416666667 0.6298981481481482 0.02229166666666676 0.03911111111111112
3 0.5254010416666667 0.6587222222222222 0.016791666666666552 0.037055555555555536
3 0.35895312500000004 0.602111111111111 0.02431770833333336 0.034990740740740704
5 0.35113541666666664 0.6492037037037037 0.022578124999999952 0.04683333333333327
1 0.48805729166666667 0.6877962962962964 0.025473958333333376 0.03448148148148149
0 0.47879687499999996 0.6515185185185185 0.025473958333333376 0.03602777777777785