2 0.3881354166666667 0.49175 0.026218749999999957 0.03448148148148149
3 0.417171875 0.6538055555555555 0.0226197916666667 0.04692592592592598
2 0.28757812499999996 0.4889444444444444 0.02286979166666671 0.0327499999999999
3 0.4183177083333333 0.6985 0.01928124999999999 0.041037037037036976
2 0.44360937500000003 0.6672592592592592 0.023838541666666657 0.0418703703703704
3 0.5396927083333334 0.6295000000000001 0.022177083333333295 0.0401018518518518
4 0.46163020833333335 0.6300185185185185 0.019557291666666643 0.035824074074074126
3 0.35897395833333334 0.5426388888888889 0.022750000000000034 0.04026851851851853
0 0.4790625 0.6510185185185186 0.025802083333333316 0.037759259259259235
5 0.39497916666666666 0.6518518518518519 0.022781250000000006 0.04562037037037035
2 0.39578125 0.6921481481481482 0.02872916666666671 0.037462962962962996
4 0.54765625 0.6747314814814815 0.03259374999999996 0.03622222222222212
1 0.48869270833333334 0.6867592592592593 0.02627083333333336 0.03624074074074083
2 0.50534375 0.6463425925925925 0.023838541666666657 0.047370370370370445
3 0.5253020833333334 0.6589351851851851 0.017619791666666627 0.03950000000000008