3 0.417265625 0.653425925925926 0.02254166666666665 0.04666666666666675
2 0.388296875 0.4914907407407407 0.025875000000000033 0.034537037037037
3 0.41823958333333333 0.6985555555555556 0.019151041666666656 0.04091666666666672
2 0.443546875 0.6670925925925927 0.023911458333333375 0.0419444444444444
3 0.35903125 0.5424629629629629 0.02286458333333338 0.04031481481481478
0 0.47915104166666667 0.6508518518518518 0.025645833333333336 0.037370370370370276
3 0.5396458333333333 0.629462962962963 0.022322916666666734 0.040425925925926004
4 0.46165625 0.6296666666666666 0.01963541666666669 0.03593518518518513
5 0.3947760416666667 0.6516851851851853 0.02300000000000004 0.04537037037037037
4 0.5477552083333334 0.674601851851852 0.03267708333333322 0.03622222222222212
2 0.3959322916666667 0.6917592592592593 0.028791666666666653 0.03796296296296296
1 0.488671875 0.6867314814814814 0.026473958333333294 0.036675925925925834
2 0.5052604166666667 0.646074074074074 0.02400520833333329 0.04747222222222221
3 0.5252916666666666 0.6588425925925926 0.017609374999999972 0.039370370370370354