3 0.4169583333333333 0.6532037037037037 0.02265625 0.04652777777777778
3 0.41824479166666667 0.6983981481481482 0.019041666666666637 0.040999999999999974
2 0.4433020833333333 0.666787037037037 0.024020833333333276 0.041787037037037136
4 0.5475833333333333 0.6743888888888889 0.03268229166666667 0.03599074074074064
4 0.46150520833333336 0.6296388888888889 0.019625000000000035 0.035694444444444404
5 0.394640625 0.6515740740740741 0.022880208333333367 0.04548148148148138
3 0.5393489583333333 0.6292962962962962 0.02197916666666657 0.0400833333333333
0 0.47895312500000004 0.6505 0.025630208333333352 0.03798148148148146
2 0.39575 0.6918240740740741 0.029125000000000036 0.03828703703703695
1 0.4884895833333333 0.6863425925925926 0.026411458333333353 0.03652777777777782
2 0.505109375 0.6458055555555556 0.023953125000000006 0.04725925925925922
3 0.525109375 0.6584722222222222 0.017223958333333417 0.03983333333333332