5 0.3341458333333333 0.678425925925926 0.027406249999999945 0.039703703703703803
2 0.449921875 0.673287037037037 0.022187499999999954 0.04434259259259268
3 0.41091145833333337 0.6572777777777777 0.026677083333333348 0.04296296296296305
4 0.4237916666666666 0.5677222222222222 0.0223020833333333 0.03554629629629639
4 0.5476093750000001 0.6748796296296297 0.03248437499999994 0.0360185185185186
2 0.3953697916666667 0.6923981481481482 0.03008333333333333 0.03602777777777785
2 0.5047916666666666 0.6469907407407407 0.024369791666666647 0.046694444444444504
3 0.5395208333333333 0.6298333333333334 0.022104166666666696 0.0400833333333333
1 0.49018229166666666 0.6913703703703703 0.026864583333333296 0.03763888888888897
3 0.4194895833333333 0.6996666666666667 0.02246875000000005 0.03682407407407406
3 0.5248229166666666 0.6586203703703704 0.017536458333333373 0.04021296296296302