2 0.3888697916666667 0.4327222222222222 0.022359375000000032 0.03633333333333334
3 0.3413229166666667 0.5398518518518518 0.026338541666666635 0.044425925925925945
4 0.48321875 0.42357407407407405 0.023140625000000033 0.04395370370370373
0 0.38352083333333337 0.6792962962962963 0.022427083333333306 0.04682407407407402
0 0.420484375 0.6190925925925926 0.02592708333333332 0.04465740740740742
3 0.30236979166666667 0.6087407407407408 0.021156249999999942 0.046703703703703754
3 0.44209895833333335 0.5654259259259259 0.018416666666666616 0.045064814814814884
3 0.43477083333333333 0.43776851851851856 0.024359374999999992 0.0353148148148148
0 0.45570312500000004 0.5024166666666667 0.02578125 0.04186111111111115
5 0.54696875 0.5449537037037037 0.026052083333333323 0.03634259259259259
3 0.37466145833333336 0.4973425925925926 0.018406249999999957 0.041842592592592646
5 0.5271354166666666 0.6911296296296295 0.02634895833333329 0.043064814814814806
0 0.3654010416666667 0.6285 0.024036458333333382 0.051750000000000095
3 0.395578125 0.5292962962962963 0.025364583333333357 0.04019444444444452
5 0.5053125 0.6075277777777778 0.0276979166666667 0.03341666666666659
5 0.41958854166666665 0.5344074074074073 0.02243749999999996 0.04296296296296305
3 0.40605729166666665 0.4571574074074074 0.020447916666666663 0.03531481481481491
1 0.46205729166666665 0.64175 0.023505208333333392 0.03815740740740744
5 0.48850520833333333 0.5162962962962964 0.02357812499999999 0.03944444444444436
5 0.5004166666666666 0.5696851851851852 0.021005208333333296 0.03889814814814814
3 0.3759166666666667 0.5611481481481481 0.024635416666666642 0.035101851851851926
3 0.40421875 0.4937314814814815 0.023041666666666672 0.030722222222222283