3 0.43175520833333336 0.6960648148148149 0.026182291666666656 0.04351851851851852
0 0.42057812499999997 0.45891666666666664 0.030921874999999942 0.04217592592592588
3 0.40414583333333337 0.686861111111111 0.03072395833333334 0.04247222222222212
4 0.4639739583333334 0.32460185185185186 0.023713541666666654 0.03354629629629631
5 0.372984375 0.5815277777777778 0.02507291666666672 0.04136111111111118
3 0.5321666666666667 0.6936759259259259 0.023682291666666563 0.04047222222222226
5 0.48808854166666665 0.6413703703703704 0.02342708333333334 0.0455740740740741
3 0.46034375 0.6905092592592592 0.02041145833333336 0.03846296296296293
5 0.41547395833333334 0.4980277777777778 0.021098958333333327 0.035148148148148185
3 0.3105 0.4251759259259259 0.02343229166666667 0.04542592592592598
1 0.3876458333333333 0.31600925925925927 0.019437499999999965 0.04500000000000002
4 0.38709895833333335 0.2588888888888889 0.02319270833333332 0.03571296296296301
0 0.381453125 0.614287037037037 0.025083333333333378 0.0382777777777777
3 0.38346874999999997 0.5136574074074074 0.02176562499999998 0.04161111111111116
2 0.4672604166666667 0.24666666666666665 0.02492708333333328 0.03919444444444448
3 0.429609375 0.6496666666666666 0.022401041666666663 0.04446296296296295
3 0.5017604166666667 0.23272222222222222 0.02329166666666668 0.03778703703703704
0 0.431953125 0.32299074074074074 0.026015625000000025 0.03778703703703709
1 0.5004270833333334 0.5141018518518519 0.02091145833333338 0.050287037037036984
5 0.41671875 0.3492685185185185 0.022458333333333278 0.03543518518518517
4 0.347328125 0.32855555555555555 0.025166666666666632 0.04336111111111115
3 0.33761458333333333 0.3988611111111111 0.022739583333333376 0.03781481481481484
5 0.37102083333333336 0.3748703703703704 0.025953124999999962 0.04579629629629633
3 0.42946875 0.22780555555555554 0.018520833333333306 0.034018518518518524
3 0.369140625 0.2305 0.026651041666666705 0.040203703703703665
0 0.5111979166666667 0.5974444444444444 0.025796874999999986 0.038055555555555474
0 0.4110520833333334 0.38855555555555554 0.025166666666666632 0.0463333333333333
3 0.40953124999999996 0.2732222222222222 0.024661458333333285 0.038268518518518556
4 0.3188229166666667 0.35737962962962966 0.023312499999999996 0.03442592592592588
0 0.5247083333333333 0.6400925925925925 0.021468749999999894 0.03687962962962956
4 0.49291145833333333 0.3429259259259259 0.022817708333333304 0.0312685185185185
5 0.4511354166666666 0.6426111111111111 0.021531249999999957 0.05053703703703697
2 0.4345208333333333 0.6005092592592592 0.0234010416666667 0.04710185185185175
2 0.30747395833333335 0.5263518518518518 0.02593229166666665 0.04052777777777776
5 0.4280416666666667 0.5245277777777778 0.02421354166666667 0.03730555555555552
0 0.36855208333333334 0.4713333333333333 0.02080729166666669 0.03749074074074075
2 0.5050677083333334 0.3994814814814815 0.025864583333333375 0.040046296296296295
4 0.28973958333333333 0.603712962962963 0.02461458333333333 0.04065740740740748
3 0.39416666666666667 0.47706481481481483 0.028182291666666616 0.03998148148148154
2 0.41753124999999996 0.5681203703703704 0.021812500000000058 0.04502777777777788
3 0.389125 0.6615740740740741 0.020255208333333385 0.03950000000000008
1 0.5290572916666666 0.4689537037037037 0.023281249999999906 0.035416666666666666
4 0.3425989583333333 0.47559259259259257 0.02709895833333332 0.0419259259259259
4 0.29636979166666666 0.4811388888888889 0.02048437499999996 0.04277777777777782
0 0.44088541666666664 0.5598796296296296 0.022786458333333332 0.038120370370370436
0 0.48771354166666664 0.3778611111111111 0.022151041666666652 0.034574074074074104
0 0.47840625 0.5757592592592593 0.026963541666666656 0.04528703703703711
2 0.5026510416666666 0.2734074074074074 0.022526041666666666 0.03974999999999995
0 0.4835729166666667 0.4243425925925926 0.024776041666666634 0.04144444444444444
2 0.46316666666666667 0.2868425925925926 0.026312499999999992 0.038824074074074025
0 0.3675 0.4333796296296296 0.023942708333333347 0.03845370370370368
3 0.33521875 0.6206018518518519 0.0250364583333333 0.03294444444444438
2 0.367234375 0.5394074074074073 0.026197916666666644 0.038749999999999916
3 0.29073437500000004 0.6735092592592592 0.02829687499999996 0.037416666666666744
5 0.4817239583333333 0.6850833333333333 0.022635416666666686 0.03658333333333332
0 0.4529583333333333 0.4180925925925926 0.02227083333333333 0.04410185185185185
5 0.34400000000000003 0.43571296296296297 0.02265104166666667 0.03140740740740737
5 0.39607291666666666 0.5781111111111111 0.01924479166666669 0.044398148148148193
2 0.38508333333333333 0.4039351851851852 0.02449479166666665 0.042805555555555576
4 0.423015625 0.42000925925925925 0.02169791666666671 0.03135185185185187
3 0.40697916666666667 0.6450462962962963 0.02106250000000003 0.03587962962962963
5 0.5211041666666667 0.24803703703703703 0.01909895833333337 0.035953703703703745
3 0.34435937499999997 0.5863888888888888 0.028562499999999956 0.03373148148148154
5 0.43550520833333334 0.43937037037037036 0.02127083333333329 0.030759259259259285
0 0.4079479166666667 0.23262037037037037 0.023312499999999996 0.03585185185185182
3 0.36190625 0.2663518518518519 0.022177083333333295 0.030805555555555537
2 0.3943229166666667 0.3608796296296296 0.019828124999999967 0.04038888888888889
1 0.4467083333333333 0.35162037037037036 0.021401041666666624 0.03852777777777779
1 0.5142395833333333 0.43480555555555556 0.02233333333333339 0.038814814814814774
2 0.36696354166666667 0.3053703703703704 0.021776041666666638 0.04326851851851853
4 0.29930729166666664 0.5625462962962963 0.025614583333333368 0.03332407407407408
3 0.3465520833333333 0.28423148148148153 0.01776041666666662 0.03805555555555558
2 0.43127604166666667 0.28475925925925927 0.021880208333333328 0.036240740740740726
1 0.4644479166666667 0.3785833333333333 0.02184375000000003 0.04260185185185184
2 0.48409895833333333 0.31002777777777774 0.01932812499999995 0.043074074074074056
4 0.320953125 0.5758148148148148 0.020567708333333337 0.039685185185185094
0 0.453359375 0.528425925925926 0.025453124999999945 0.03683333333333331
4 0.33584895833333334 0.5182037037037037 0.02883333333333328 0.03687962962962956
3 0.5229895833333333 0.28553703703703703 0.018838541666666705 0.03546296296296292
2 0.452421875 0.46247222222222223 0.02311979166666672 0.03772222222222223
0 0.40444270833333335 0.5337777777777778 0.02031770833333333 0.03795370370370371
1 0.4790677083333333 0.5332777777777779 0.022281249999999985 0.04221296296296289
2 0.44173958333333335 0.49375925925925923 0.02051562500000005 0.03405555555555553
4 0.31758854166666667 0.4907685185185185 0.022520833333333337 0.03876851851851842
3 0.32480729166666666 0.452462962962963 0.020182291666666668 0.0334537037037037
0 0.47669791666666667 0.4610740740740741 0.02354166666666669 0.038277777777777806
5 0.41328125 0.613037037037037 0.025197916666666723 0.03663888888888883
0 0.4734947916666667 0.4949074074074074 0.026078124999999966 0.03230555555555565
2 0.39364062499999997 0.4371111111111111 0.026229166666666616 0.03599074074074075
4 0.34097916666666667 0.5524351851851852 0.025791666666666657 0.030750000000000034
3 0.40888020833333333 0.3129722222222222 0.022098958333333366 0.037675925925925974
0 0.475515625 0.5167777777777778 0.029671875000000014 0.0763888888888889
2 0.44468749999999996 0.25908333333333333 0.02528124999999998 0.033055555555555595
4 0.3603177083333333 0.5014814814814815 0.02329687500000001 0.030750000000000034
1 0.500765625 0.46275 0.02323437499999995 0.04339814814814805
2 0.43541145833333333 0.3909166666666667 0.01998958333333339 0.03220370370370368