0 0.4197604166666667 0.4590648148148148 0.030520833333333285 0.04276851851851846
5 0.3730260416666667 0.5816574074074075 0.02495833333333337 0.04149999999999994
5 0.488328125 0.6414629629629629 0.023359374999999953 0.04582407407407408
4 0.473625 0.33364814814814814 0.022239583333333358 0.0352777777777778
5 0.4511510416666667 0.6427962962962963 0.021723958333333352 0.049962962962962994
3 0.43186458333333333 0.6958796296296296 0.025968749999999947 0.04359259259259252
5 0.41493749999999996 0.49789814814814815 0.02102083333333328 0.03518518518518519
3 0.5322604166666667 0.6937962962962962 0.02355208333333323 0.04038888888888879
1 0.46543229166666666 0.38483333333333336 0.023057291666666656 0.040064814814814796
5 0.42783333333333334 0.5248796296296296 0.023984374999999978 0.03695370370370378
2 0.5480625 0.30125 0.02458333333333324 0.0375
3 0.31027604166666667 0.4246944444444445 0.023286458333333353 0.044416666666666695
5 0.370640625 0.3743333333333333 0.025895833333333347 0.04477777777777779
0 0.38140625 0.6142222222222222 0.02497395833333336 0.038101851851851935
1 0.5004010416666667 0.5141296296296296 0.020614583333333294 0.050037037037037005
3 0.5029010416666667 0.2320833333333333 0.01935416666666671 0.04292592592592594
3 0.4043541666666667 0.6867407407407407 0.030796875000000057 0.042666666666666596
2 0.483515625 0.24282407407407408 0.020479166666666635 0.04475000000000004
0 0.43247395833333335 0.3263333333333333 0.026718749999999975 0.0371388888888889
3 0.38334375 0.5135462962962963 0.021875 0.04025925925925928
1 0.4999322916666667 0.46505555555555556 0.023239583333333275 0.04250925925925934
3 0.46048958333333334 0.6905462962962963 0.020260416666666715 0.038712962962962914
0 0.4529947916666667 0.5283425925925926 0.025317708333333282 0.03658333333333332
5 0.41521875 0.3489537037037037 0.02354166666666669 0.03195370370370369
0 0.5113177083333333 0.5975092592592592 0.02549479166666669 0.03770370370370373
4 0.3471822916666667 0.3275648148148148 0.024697916666666705 0.042898148148148185
0 0.4105885416666667 0.38813888888888887 0.025317708333333282 0.04650000000000003
2 0.3076302083333333 0.5262314814814815 0.026307291666666663 0.04022222222222227
2 0.43477604166666667 0.6009444444444444 0.023609374999999964 0.04722222222222222
1 0.38748958333333333 0.31477777777777777 0.018494791666666663 0.04670370370370365
3 0.36884895833333337 0.23158333333333334 0.02663541666666672 0.04175000000000003
3 0.4296666666666667 0.649824074074074 0.02222395833333337 0.044416666666666695
3 0.337625 0.3985648148148148 0.022817708333333304 0.03697222222222218
1 0.5278958333333333 0.47232407407407406 0.023104166666666735 0.03549999999999993
5 0.3435833333333333 0.4356759259259259 0.021864583333333344 0.030629629629629666
0 0.5248697916666667 0.640324074074074 0.021364583333333322 0.03659259259259257
0 0.3681302083333333 0.47141666666666665 0.020859374999999975 0.03685185185185181
0 0.4517916666666667 0.4201944444444444 0.02397916666666665 0.04299999999999995
4 0.3188229166666667 0.3569722222222222 0.02315625000000002 0.034444444444444486
4 0.28995312500000003 0.6044814814814815 0.024609375 0.04065740740740748
3 0.40915625 0.27301851851851855 0.02638541666666671 0.03561111111111114
5 0.3960520833333333 0.5786574074074075 0.019395833333333338 0.044990740740740665
2 0.4175520833333334 0.5680092592592593 0.022072916666666723 0.045351851851851865
5 0.4819583333333333 0.6853888888888889 0.02269791666666663 0.03653703703703707
0 0.36746354166666667 0.4332685185185185 0.023807291666666685 0.0386018518518518
2 0.5154322916666667 0.3077222222222222 0.027791666666666614 0.038814814814814774
3 0.40872395833333336 0.3135925925925926 0.02238020833333335 0.03797222222222221
4 0.29624999999999996 0.480787037037037 0.02049999999999995 0.04246296296296287
3 0.42102083333333334 0.18938888888888888 0.02247395833333338 0.030666666666666672
0 0.4784375 0.5761759259259259 0.026833333333333324 0.04542592592592588
4 0.34240624999999997 0.47555555555555556 0.026828124999999994 0.04154629629629619
2 0.505546875 0.40285185185185185 0.02550000000000002 0.043231481481481426
2 0.5002864583333333 0.2749166666666667 0.025083333333333378 0.0400833333333333
2 0.36741145833333333 0.5392592592592592 0.02628125000000002 0.03892592592592589
1 0.4468333333333333 0.3580925925925926 0.02212500000000001 0.03941666666666671
5 0.5235729166666666 0.24181481481481484 0.020187500000000115 0.03288888888888887
2 0.43300520833333334 0.28855555555555557 0.021895833333333316 0.034611111111111106
0 0.4407239583333334 0.5600092592592593 0.02300000000000004 0.0382777777777777
4 0.3835729166666667 0.2691388888888889 0.02280729166666665 0.03749074074074075
3 0.38915625 0.6613888888888888 0.02007291666666665 0.038824074074074136
4 0.421640625 0.4206111111111111 0.021723958333333352 0.029916666666666616
2 0.384703125 0.40370370370370373 0.02421354166666667 0.043342592592592544
0 0.4763541666666667 0.46138888888888896 0.023130208333333378 0.03754629629629625
3 0.335265625 0.6208055555555556 0.025156249999999977 0.032777777777777864
2 0.367140625 0.3055185185185185 0.02272916666666672 0.04359259259259263
4 0.29928645833333334 0.5624444444444445 0.02557291666666662 0.03329629629629633
4 0.49509895833333334 0.34320370370370373 0.01909375000000004 0.03397222222222217
4 0.3358125 0.5182407407407408 0.0280885416666667 0.037083333333333295
0 0.48584895833333336 0.3859814814814815 0.017484374999999965 0.04036111111111114
0 0.48319270833333333 0.42564814814814816 0.02439583333333329 0.0411851851851852
3 0.2909322916666667 0.6736851851851853 0.028567708333333285 0.03731481481481477
2 0.3938802083333333 0.3601666666666667 0.01942187499999998 0.04175000000000003
3 0.4071875 0.6450370370370371 0.021041666666666715 0.035425925925925916
3 0.39366666666666666 0.4769166666666667 0.027468750000000004 0.03892592592592589
0 0.4044166666666667 0.5342685185185185 0.020687500000000015 0.039361111111111104
3 0.34447916666666667 0.5861666666666666 0.028166666666666628 0.03350925925925931
2 0.4856302083333333 0.301787037037037 0.025093750000000033 0.041833333333333285
2 0.451703125 0.46367592592592594 0.024203125000000013 0.03590740740740738
4 0.3207760416666667 0.5758981481481482 0.020286458333333358 0.03869444444444441
3 0.32425 0.45273148148148146 0.020546875000000023 0.03415740740740739
2 0.44061458333333337 0.4948148148148148 0.021223958333333334 0.03236111111111115
3 0.524109375 0.2741018518518518 0.022109374999999907 0.030481481481481443
3 0.3453541666666667 0.2851944444444444 0.0191041666666667 0.03530555555555555
1 0.51534375 0.4372037037037037 0.02254687499999998 0.03772222222222223
5 0.4345833333333333 0.4390648148148148 0.01981770833333331 0.03041666666666669
5 0.4347239583333333 0.4392962962962963 0.020999999999999967 0.03065740740740742
2 0.3935625 0.43678703703703703 0.02617708333333333 0.03656481481481482
1 0.4787239583333333 0.5332685185185184 0.022880208333333367 0.04232407407407411
2 0.43434895833333337 0.39258333333333334 0.020234374999999954 0.031870370370370334
4 0.31718229166666667 0.4906388888888889 0.022520833333333337 0.03926851851851859
0 0.47329166666666667 0.4956574074074074 0.025729166666666713 0.031101851851851776
3 0.3593385416666666 0.2665925925925926 0.020046875000000006 0.03148148148148148
0 0.47565104166666666 0.517888888888889 0.029036458333333334 0.07305555555555564
5 0.41343749999999996 0.6127037037037038 0.024869791666666665 0.035740740740740656
4 0.36025520833333335 0.5009074074074075 0.023421875000000016 0.03154629629629624
4 0.34144270833333334 0.5530277777777778 0.026718749999999975 0.03048148148148155