5 0.4881979166666667 0.6416018518518518 0.023375000000000055 0.04627777777777779
5 0.3731302083333333 0.581287037037037 0.0249635416666667 0.04137037037037043
0 0.41999479166666664 0.45886111111111116 0.030526041666666615 0.042379629629629614
4 0.4735260416666666 0.3335740740740741 0.022536458333333325 0.0352962962962963
5 0.4280625 0.5250092592592592 0.024140624999999954 0.03758333333333326
5 0.4153177083333333 0.49816666666666665 0.0211302083333333 0.03537037037037041
3 0.4317239583333333 0.6956944444444445 0.02595833333333329 0.043370370370370295
5 0.37089062500000003 0.37450925925925926 0.02585416666666672 0.045222222222222254
5 0.4510625 0.6427870370370371 0.02168750000000005 0.04990740740740749
2 0.48282291666666666 0.24269444444444446 0.020401041666666706 0.04381481481481486
2 0.5477239583333334 0.30133333333333334 0.02454166666666661 0.037888888888888854
1 0.46547916666666667 0.38449074074074074 0.02311979166666672 0.04015740740740741
3 0.31045312500000005 0.42477777777777775 0.022994791666666715 0.04504629629629627
3 0.46016145833333333 0.6903518518518519 0.020473958333333306 0.038740740740740666
1 0.5008645833333333 0.5140092592592592 0.020479166666666635 0.04967592592592601
1 0.500015625 0.46510185185185193 0.023343749999999965 0.04283333333333333
3 0.4041354166666667 0.6867407407407407 0.030656249999999947 0.0418703703703704
0 0.38144791666666666 0.6141481481481481 0.024552083333333384 0.038388888888888924
3 0.5319947916666666 0.6936759259259259 0.02375520833333328 0.04041666666666675
3 0.5025625 0.23155555555555557 0.019447916666666624 0.04204629629629632
0 0.41079166666666667 0.38832407407407404 0.025062499999999942 0.04639814814814816
0 0.45342187500000003 0.5281759259259259 0.025161458333333307 0.03726851851851852
3 0.38367708333333334 0.513537037037037 0.022432291666666635 0.04060185185185177
3 0.40884895833333335 0.27252777777777776 0.026213541666666628 0.034898148148148095
0 0.432421875 0.3261111111111111 0.02645833333333331 0.036861111111111164
1 0.3873697916666667 0.3150833333333333 0.018515624999999977 0.04649074074074078
5 0.3440364583333333 0.4357685185185185 0.022000000000000006 0.03110185185185188
3 0.42954166666666665 0.6496481481481482 0.021880208333333328 0.04421296296296296
0 0.5114635416666666 0.5975277777777778 0.02585937500000005 0.03771296296296298
4 0.29015104166666666 0.6045462962962963 0.024442708333333365 0.0404074074074075
5 0.4150104166666667 0.34882407407407406 0.023312499999999996 0.03145370370370373
1 0.515671875 0.43723148148148144 0.02276041666666669 0.037749999999999985
5 0.3962864583333333 0.578287037037037 0.019333333333333275 0.0448703703703704
1 0.44682812499999996 0.35760185185185184 0.021744791666666666 0.03878703703703702
2 0.30784374999999997 0.5263333333333334 0.025911458333333335 0.04052777777777776
4 0.34702083333333333 0.3275925925925926 0.024901041666666637 0.04227777777777775
3 0.40874479166666666 0.3136759259259259 0.021880208333333328 0.03747222222222225
3 0.36846354166666667 0.23149074074074072 0.02663020833333339 0.04160185185185181
4 0.31859375 0.35676851851851854 0.023135416666666703 0.03439814814814813
0 0.52478125 0.6402407407407408 0.02138020833333331 0.03662037037037033
2 0.434828125 0.6007962962962963 0.02361458333333329 0.047074074074074
0 0.3676510416666667 0.433 0.023937500000000018 0.03845370370370368
5 0.48161458333333335 0.6855092592592593 0.022677083333333313 0.03651851851851857
2 0.5149895833333333 0.30724999999999997 0.028156249999999973 0.03886111111111114
0 0.47866145833333335 0.5761296296296297 0.02669791666666666 0.045324074074074114
4 0.34266145833333334 0.47580555555555554 0.026760416666666724 0.04177777777777768
4 0.38325000000000004 0.2690462962962963 0.02245312499999995 0.037592592592592615
0 0.36850520833333333 0.47134259259259254 0.02091145833333338 0.03680555555555556
4 0.4221875 0.42053703703703704 0.022432291666666635 0.030731481481481426
2 0.500171875 0.2744259259259259 0.025005208333333327 0.04029629629629628
3 0.33777604166666664 0.39855555555555555 0.022932291666666653 0.03714814814814815
2 0.3677604166666667 0.5393240740740741 0.026468749999999968 0.03901851851851861
0 0.45208333333333334 0.41994444444444445 0.023526041666666705 0.042648148148148206
0 0.44093750000000004 0.5599074074074074 0.02322395833333329 0.038703703703703664
2 0.41778125 0.5684074074074074 0.021828125000000042 0.0456296296296296
3 0.42067187500000003 0.18944444444444444 0.022744791666666705 0.030796296296296287
2 0.505765625 0.40281481481481485 0.025322916666666608 0.04374074074074075
4 0.29657291666666663 0.48120370370370374 0.020468749999999977 0.042685185185185104
2 0.4327916666666667 0.28868518518518516 0.02190104166666664 0.03501851851851857
3 0.38896354166666663 0.6613611111111111 0.020140625000000037 0.03902777777777786
0 0.47667708333333336 0.46155555555555555 0.023421875000000016 0.03887037037037039
5 0.43490625 0.43949074074074074 0.01975000000000004 0.030731481481481533
2 0.384875 0.40390740740740744 0.024244791666666644 0.04341666666666665
5 0.5229635416666667 0.2415 0.02041666666666669 0.033509259259259204
3 0.3352395833333333 0.6207962962962963 0.025114583333333346 0.03300000000000009
3 0.29066145833333334 0.6736851851851853 0.028500000000000015 0.03721296296296301
2 0.39394270833333334 0.3599351851851852 0.019333333333333275 0.042212962962962994
4 0.29950520833333333 0.5626111111111111 0.025192708333333275 0.033222222222222327
2 0.48533333333333334 0.30168518518518517 0.02493229166666661 0.04132407407407407
0 0.40478125 0.5342314814814815 0.020187499999999994 0.037990740740740714
4 0.33613020833333335 0.5181111111111111 0.028463541666666713 0.03726851851851852
3 0.40702604166666667 0.645212962962963 0.02091666666666671 0.03547222222222217
2 0.367125 0.305287037037037 0.02272916666666672 0.04383333333333336
0 0.4861666666666667 0.38561111111111107 0.017276041666666703 0.040740740740740744
3 0.34501041666666665 0.28500000000000003 0.019015624999999994 0.035398148148148165
4 0.49504166666666666 0.342787037037037 0.01942708333333331 0.033629629629629676
4 0.317671875 0.490962962962963 0.022322916666666616 0.03953703703703708
3 0.3444479166666667 0.5863425925925926 0.02805729166666661 0.033388888888888836
1 0.4789583333333333 0.5339444444444444 0.02297916666666661 0.04145370370370369
2 0.4520416666666666 0.463537037037037 0.02407812500000001 0.03628703703703709
0 0.48323958333333333 0.42521296296296296 0.02454166666666661 0.041564814814814804
4 0.32106770833333337 0.5760740740740741 0.02041145833333336 0.03887037037037039
3 0.324625 0.453037037037037 0.02009895833333329 0.032462962962962916
2 0.43440104166666665 0.3916296296296296 0.020140625000000037 0.031324074074074115
3 0.5236041666666666 0.27397222222222223 0.021989583333333347 0.029953703703703725
1 0.5284427083333334 0.4724351851851852 0.02268749999999997 0.034722222222222224
0 0.47375520833333334 0.4951203703703704 0.025630208333333352 0.03159259259259249
2 0.39398958333333334 0.43682407407407403 0.025989583333333382 0.03673148148148144
3 0.394046875 0.4766944444444445 0.027682291666666713 0.03853703703703694
4 0.36068229166666665 0.5012592592592593 0.02319270833333332 0.030851851851851794
3 0.35908333333333337 0.2665092592592592 0.019942708333333316 0.031009259259259268
0 0.4761770833333333 0.5174722222222222 0.02888020833333336 0.07478703703703703
4 0.3411822916666667 0.5522222222222222 0.025083333333333378 0.03050000000000005
2 0.4409322916666667 0.49390740740740735 0.02074479166666663 0.03253703703703713
5 0.41235937500000003 0.6132222222222222 0.026640625000000046 0.04050000000000001