5 0.37299479166666666 0.5807592592592593 0.025005208333333327 0.040361111111111035
5 0.48791666666666667 0.6419537037037036 0.022880208333333367 0.04740740740740745
5 0.4512552083333333 0.6424166666666666 0.02169791666666671 0.04959259259259254
5 0.427953125 0.5249537037037038 0.024062500000000025 0.03658333333333332
4 0.46657291666666667 0.3342037037037037 0.0234010416666667 0.03372222222222218
3 0.5321666666666667 0.6937777777777777 0.0234375 0.04091666666666672
2 0.5479375 0.3013055555555556 0.024531249999999952 0.03916666666666663
3 0.43173958333333334 0.6959166666666667 0.025994791666666708 0.04349074074074077
5 0.415296875 0.49805555555555553 0.020395833333333377 0.03487037037037045
4 0.34715625 0.3285462962962963 0.025520833333333333 0.04246296296296297
3 0.4041770833333333 0.6868981481481482 0.030947916666666703 0.04225925925925935
3 0.44540624999999995 0.2595277777777778 0.02052604166666671 0.04033333333333339
1 0.5004895833333334 0.5138981481481482 0.020828125000000006 0.049648148148148045
0 0.3813020833333333 0.6135277777777778 0.024479166666666666 0.03884259259259264
5 0.48164583333333333 0.6849537037037037 0.02222395833333337 0.036083333333333356
0 0.41962499999999997 0.4585185185185185 0.03078124999999995 0.042222222222222244
5 0.3705572916666667 0.37516666666666665 0.02580729166666664 0.04437037037037033
2 0.42364583333333333 0.24768518518518517 0.02236979166666669 0.04233333333333336
1 0.49991145833333334 0.46501851851851855 0.023734374999999967 0.043027777777777804
5 0.41523958333333333 0.3492777777777778 0.0234375 0.03036111111111108
3 0.42927604166666666 0.6497222222222223 0.022343750000000048 0.04421296296296296
5 0.39611979166666667 0.578462962962963 0.018692708333333384 0.043703703703703745
0 0.4326302083333333 0.32658333333333334 0.026947916666666672 0.03647222222222221
4 0.3832760416666667 0.26899074074074075 0.02212500000000001 0.03640740740740745
3 0.3103489583333333 0.42471296296296296 0.023166666666666676 0.04488888888888891
3 0.40813020833333336 0.2750648148148148 0.026609374999999956 0.03627777777777773
4 0.2898854166666667 0.6038888888888889 0.02450520833333331 0.04039814814814825
0 0.41043229166666667 0.38869444444444445 0.0254270833333333 0.045888888888888944
0 0.511359375 0.5969166666666667 0.026369791666666722 0.03782407407407399
3 0.36811979166666664 0.23227777777777778 0.02659374999999997 0.04162037037037041
1 0.38730729166666666 0.3157037037037037 0.018708333333333372 0.04599999999999995
4 0.31845312499999995 0.35730555555555554 0.023572916666666662 0.03471296296296297
0 0.45309375 0.5281018518518519 0.025296874999999965 0.03695370370370378
4 0.494953125 0.3445185185185185 0.01963541666666669 0.03318518518518521
2 0.5259583333333333 0.3310925925925926 0.024031250000000053 0.042240740740740745
3 0.3376822916666667 0.3989351851851852 0.022953124999999967 0.03732407407407402
0 0.440578125 0.5598981481481482 0.023109374999999942 0.03846296296296293
3 0.38317708333333333 0.5136666666666666 0.022395833333333334 0.039064814814814865
0 0.5246354166666667 0.6392592592592592 0.02138541666666664 0.03663888888888883
3 0.5274166666666668 0.28809259259259257 0.01829166666666661 0.03510185185185182
2 0.4346510416666666 0.6006759259259259 0.023890624999999943 0.04708333333333325
0 0.4783958333333333 0.5757129629629629 0.027036458333333378 0.044351851851851934
4 0.4220364583333333 0.42010185185185184 0.021713541666666693 0.028777777777777815
0 0.45179687500000004 0.42088888888888887 0.024562500000000043 0.0418703703703704
2 0.462375 0.29576851851851854 0.02709895833333332 0.034990740740740704
3 0.38881770833333335 0.6614166666666667 0.020510416666666722 0.03931481481481485
1 0.515625 0.4373518518518518 0.02286979166666671 0.03668518518518519
2 0.3074375 0.5256574074074074 0.02644791666666665 0.04020370370370377
4 0.34252604166666667 0.4762129629629629 0.026843749999999982 0.04132407407407417
5 0.3440364583333333 0.43587037037037035 0.021312500000000036 0.031444444444444476
2 0.4174791666666666 0.5678888888888889 0.021739583333333336 0.04502777777777788
1 0.44593750000000004 0.3603148148148148 0.02195312500000005 0.036138888888888866
0 0.47634375 0.46149074074074076 0.023270833333333366 0.03767592592592587
3 0.3350885416666667 0.6206666666666667 0.02520833333333338 0.03276851851851861
4 0.296234375 0.48080555555555554 0.020885416666666618 0.0419444444444444
2 0.5058906249999999 0.4023333333333333 0.02442187500000005 0.04212962962962963
2 0.3848697916666667 0.40414814814814815 0.02407291666666668 0.042416666666666616
0 0.3681354166666667 0.4716296296296296 0.02119791666666669 0.03738888888888899
0 0.3676041666666666 0.43315740740740744 0.023838541666666657 0.03851851851851854
2 0.3672447916666667 0.5388240740740741 0.026041666666666668 0.037999999999999964
5 0.508765625 0.29388888888888887 0.018598958333333353 0.03263888888888889
3 0.408421875 0.3144722222222222 0.02205208333333329 0.036398148148148096
1 0.47865625 0.533425925925926 0.022750000000000034 0.0411481481481482
0 0.48320833333333335 0.424787037037037 0.024463541666666682 0.04007407407407405
0 0.48568229166666665 0.38622222222222224 0.018374999999999985 0.038574074074074045
4 0.3358177083333333 0.5184814814814815 0.028958333333333287 0.03660185185185183
2 0.48853125000000003 0.30730555555555555 0.02297395833333328 0.03793518518518521
4 0.29955208333333333 0.5621296296296296 0.025302083333333295 0.032370370370370403
2 0.3938697916666667 0.3604074074074074 0.01928645833333332 0.04095370370370372
3 0.406703125 0.6453518518518518 0.020395833333333377 0.03533333333333341
2 0.451703125 0.4629537037037037 0.023812500000000014 0.035777777777777874
3 0.34416145833333334 0.5867500000000001 0.02840624999999998 0.033120370370370356
0 0.40434895833333334 0.5341481481481481 0.020432291666666675 0.03867592592592591
3 0.3451302083333333 0.28558333333333336 0.019760416666666693 0.03600925925925925
3 0.290703125 0.6738981481481481 0.028213541666666706 0.03650000000000007
2 0.36711458333333336 0.30560185185185185 0.022562499999999968 0.04462962962962967
4 0.3207552083333333 0.5760462962962963 0.02005729166666666 0.0382592592592592
2 0.43226562500000004 0.2883796296296296 0.02190624999999997 0.03649074074074071
2 0.4408958333333333 0.4942777777777778 0.021249999999999977 0.033425925925925845
3 0.3247291666666667 0.45437037037037037 0.020458333333333318 0.030740740740740784
0 0.4735416666666667 0.4949074074074074 0.026500000000000058 0.03094444444444451
5 0.4345 0.44012037037037033 0.019437499999999965 0.029861111111111113
3 0.3597447916666667 0.2669722222222222 0.020218749999999966 0.03110185185185188
5 0.41318229166666665 0.613574074074074 0.024697916666666705 0.036796296296296306
2 0.4342447916666667 0.39225925925925925 0.02063541666666661 0.0338518518518518
1 0.52815625 0.4723425925925926 0.023203125000000095 0.034185185185185256
4 0.3172552083333333 0.49162037037037043 0.022822916666666634 0.03879629629629638
4 0.34108333333333335 0.5524629629629629 0.025255208333333338 0.031101851851851776
2 0.3935885416666667 0.4376851851851852 0.02634895833333329 0.036222222222222225
4 0.36030729166666664 0.5009351851851852 0.02321874999999996 0.03149074074074073
3 0.4606145833333333 0.6901574074074074 0.018666666666666623 0.037999999999999964
3 0.39378124999999997 0.47848148148148145 0.02829687499999996 0.041749999999999926
1 0.46453125 0.3840092592592593 0.023484374999999957 0.039074074074074115