2 0.38896354166666663 0.4328148148148148 0.022671874999999987 0.03652777777777782
3 0.34155729166666665 0.5397407407407407 0.026114583333333385 0.04428703703703697
0 0.38345833333333335 0.679138888888889 0.022421874999999977 0.04679629629629626
0 0.420609375 0.6190555555555556 0.026005208333333366 0.044685185185185175
3 0.43419270833333334 0.4375462962962963 0.02407812500000001 0.034768518518518476
3 0.4423697916666667 0.5654722222222223 0.018390624999999973 0.04505555555555563
0 0.4559375 0.502361111111111 0.025734375000000042 0.04182407407407414
3 0.3025572916666667 0.608574074074074 0.021088541666666672 0.04645370370370377
3 0.375046875 0.4971574074074074 0.018505208333333318 0.041842592592592646
5 0.5474166666666667 0.5447314814814814 0.025833333333333285 0.03617592592592587
0 0.36552604166666663 0.6283240740740741 0.02396874999999999 0.05142592592592589
3 0.395796875 0.5291203703703704 0.025312499999999953 0.040749999999999995
5 0.5270885416666666 0.6910092592592593 0.026348958333333408 0.04312037037037031
5 0.5054583333333333 0.6076111111111111 0.02797395833333335 0.03290740740740737
3 0.406203125 0.4571851851851852 0.020578124999999996 0.03544444444444442
3 0.3761041666666667 0.5612685185185184 0.0246458333333333 0.03524999999999994
5 0.48888541666666663 0.5160740740740741 0.023531250000000035 0.03894444444444439
1 0.46211979166666667 0.6415833333333333 0.023562500000000004 0.03797222222222221
5 0.419859375 0.5343981481481481 0.02236458333333336 0.04324074074074078
5 0.50084375 0.5700462962962963 0.02127083333333329 0.03925925925925934
3 0.40469791666666666 0.49379629629629623 0.022515625000000008 0.030351851851851828