5 0.373546875 0.5818518518518518 0.024244791666666644 0.04083333333333325
5 0.4155416666666667 0.4995277777777778 0.021140624999999958 0.035148148148148185
5 0.4283072916666667 0.5258055555555555 0.023947916666666676 0.0371203703703703
2 0.4749166666666667 0.30268518518518517 0.024807291666666724 0.038833333333333386
5 0.4881979166666667 0.6418981481481482 0.02308854166666663 0.04615740740740732
5 0.45109895833333336 0.6429907407407407 0.021442708333333373 0.049425925925926026
2 0.5477083333333332 0.29906481481481484 0.021713541666666693 0.04232407407407411
5 0.3693177083333333 0.37577777777777777 0.02723437499999998 0.04317592592592592
1 0.50084375 0.5141851851851852 0.020828125000000006 0.04918518518518508
5 0.48181770833333337 0.6856759259259259 0.022296874999999973 0.035953703703703634
2 0.4326302083333333 0.29975 0.02201562499999999 0.03512962962962968
3 0.4315208333333333 0.69625 0.025755208333333356 0.043620370370370275
3 0.5320052083333333 0.6938888888888889 0.023385416666666714 0.04025925925925928
2 0.528671875 0.3305925925925926 0.02279687499999999 0.04596296296296295
3 0.460375 0.6909537037037037 0.02028125000000003 0.038712962962962914
1 0.5004895833333334 0.4656574074074074 0.023203124999999977 0.04203703703703702
0 0.38153125 0.614574074074074 0.02482291666666671 0.038120370370370436
0 0.434859375 0.3358425925925926 0.026739583333333292 0.033750000000000044
4 0.4975104166666667 0.34951851851851856 0.022703124999999956 0.03147222222222223
0 0.409515625 0.3931944444444444 0.02724479166666664 0.04193518518518515
1 0.46860416666666665 0.3889814814814815 0.023041666666666672 0.04036111111111114
4 0.290171875 0.6046203703703704 0.02443750000000004 0.040120370370370306
0 0.45345833333333335 0.5287962962962963 0.025015624999999986 0.03685185185185181
3 0.40414062500000003 0.6873425925925927 0.030630208333333304 0.042055555555555624
3 0.31049479166666666 0.42562037037037037 0.023041666666666672 0.0441296296296296
0 0.36841145833333333 0.4721574074074074 0.02053125000000004 0.037203703703703656
0 0.452328125 0.42210185185185184 0.02431770833333336 0.042314814814814854
5 0.3961354166666667 0.5790185185185186 0.019010416666666665 0.042685185185185104
5 0.4351145833333333 0.44100925925925927 0.02083854166666666 0.031444444444444476
5 0.416078125 0.3576851851851852 0.02375520833333328 0.029749999999999995
0 0.5114322916666667 0.597925925925926 0.025583333333333277 0.03792592592592596
4 0.3346666666666666 0.33917592592592594 0.024484374999999996 0.04055555555555551
3 0.38352083333333337 0.514287037037037 0.022395833333333334 0.039675925925925844
0 0.5246770833333333 0.6403333333333333 0.021177083333333378 0.036462962962963065
0 0.4787135416666667 0.5770185185185185 0.026963541666666656 0.044444444444444446
5 0.34327083333333336 0.4356481481481482 0.021296875000000052 0.03148148148148148
3 0.3838489583333333 0.2987962962962963 0.024546875000000058 0.036870370370370414
0 0.44129166666666664 0.5606018518518519 0.022708333333333285 0.03816666666666669
2 0.307953125 0.5269351851851852 0.02593229166666665 0.04073148148148149
2 0.43497916666666664 0.6016666666666666 0.02357812499999999 0.04740740740740745
4 0.2967135416666667 0.4814074074074074 0.020234374999999954 0.041981481481481404
3 0.3370208333333334 0.39819444444444446 0.02272395833333339 0.036944444444444426
3 0.38902604166666666 0.6616018518518518 0.020447916666666663 0.038833333333333386
4 0.3125677083333333 0.35555555555555557 0.022255208333333342 0.034981481481481454
1 0.5284583333333334 0.47349074074074077 0.022520833333333337 0.03535185185185191
2 0.4178645833333333 0.5688425925925926 0.022421874999999977 0.046046296296296314
0 0.3668020833333333 0.43398148148148147 0.02407812500000001 0.03884259259259264
2 0.508546875 0.4016851851851852 0.02400520833333329 0.04356481481481477
2 0.3678177083333333 0.5402222222222223 0.026072916666666637 0.038740740740740666
4 0.34299479166666663 0.4767592592592592 0.026322916666666647 0.04129629629629621
5 0.41334895833333335 0.613574074074074 0.025156249999999977 0.03644444444444435
2 0.35555729166666666 0.3098703703703704 0.02246875000000005 0.040851851851851854
0 0.4047395833333333 0.5358796296296297 0.021114583333333315 0.039722222222222305
3 0.33525 0.6213796296296297 0.02476041666666665 0.03325000000000008
3 0.3648854166666667 0.22817592592592592 0.025453124999999945 0.045324074074074114
4 0.299875 0.5630092592592593 0.025005208333333327 0.03301851851851859
4 0.463484375 0.33775925925925926 0.023838541666666657 0.033055555555555595
0 0.4837552083333333 0.42585185185185187 0.0250364583333333 0.04133333333333332
4 0.42090104166666664 0.4230462962962963 0.022718749999999944 0.029361111111111143
2 0.39373958333333337 0.3617314814814815 0.020354166666666628 0.038268518518518556
3 0.32986458333333335 0.2910462962962963 0.018421874999999942 0.039527777777777724
5 0.5085677083333333 0.27546296296296297 0.019687499999999976 0.032814814814814866
2 0.383578125 0.40549074074074076 0.022489583333333365 0.0455555555555556
1 0.375328125 0.3345925925925926 0.024161458333333385 0.034888888888888844
0 0.476796875 0.4612222222222222 0.023213541666666632 0.038749999999999916
3 0.290703125 0.6742592592592593 0.027947916666666708 0.037444444444444495
3 0.34472395833333336 0.5871111111111111 0.02801562499999998 0.03302777777777784
4 0.37136979166666667 0.26931481481481484 0.021869791666666673 0.0348981481481482
4 0.3360052083333333 0.5187777777777778 0.028598958333333376 0.03660185185185183
3 0.407078125 0.6456851851851853 0.02027083333333337 0.03526851851851844
3 0.5264479166666667 0.2833055555555556 0.01744270833333322 0.03454629629629625
1 0.4482760416666667 0.36818518518518517 0.022218750000000044 0.037453703703703746
0 0.4890833333333333 0.386 0.016463541666666616 0.03754629629629625
2 0.43384375000000003 0.3967407407407408 0.020901041666666724 0.03247222222222227
4 0.317640625 0.49172222222222217 0.0223020833333333 0.0385833333333334
0 0.474015625 0.49556481481481485 0.025541666666666647 0.032055555555555455
3 0.348390625 0.2756018518518518 0.02238020833333335 0.02852777777777773
0 0.4200833333333333 0.45940740740740743 0.030869791666666656 0.042212962962962994
2 0.4526302083333333 0.4645000000000001 0.02432812500000002 0.035425925925925916
3 0.40806770833333333 0.3235 0.020119791666666723 0.031000000000000017
3 0.3245885416666667 0.45364814814814813 0.020395833333333377 0.03301851851851849
1 0.5158125 0.4375 0.022203125000000056 0.037592592592592615
4 0.34156770833333333 0.5527222222222222 0.024723958333333348 0.030351851851851828
4 0.32115625 0.5766481481481481 0.02005729166666666 0.03797222222222221
4 0.3603125 0.5020370370370371 0.02290104166666668 0.031416666666666725
1 0.4790260416666667 0.5341388888888889 0.02308854166666663 0.0419629629629629
2 0.441 0.49497222222222226 0.0211302083333333 0.033111111111111105
3 0.42998958333333337 0.648712962962963 0.024020833333333276 0.04880555555555559
3 0.39357291666666666 0.47833333333333333 0.02887500000000003 0.03925925925925934
2 0.3939166666666667 0.43892592592592594 0.026838541666666653 0.03653703703703707
2 0.49882291666666667 0.3105925925925926 0.021286458333333275 0.04261111111111109