5 0.37278125 0.5815 0.024874999999999994 0.04097222222222222
5 0.4877447916666667 0.641175925925926 0.02300000000000004 0.04617592592592582
2 0.5486614583333334 0.29941666666666666 0.021307291666666592 0.04274074074074071
5 0.4278645833333333 0.526 0.02358333333333332 0.03750925925925925
2 0.475515625 0.30373148148148144 0.025114583333333346 0.03986111111111107
3 0.4316510416666667 0.6951481481481482 0.026213541666666628 0.04364814814814824
5 0.4507291666666667 0.6423148148148149 0.021442708333333373 0.049370370370370315
1 0.5005677083333333 0.5145277777777778 0.02070833333333333 0.0492592592592593
5 0.369828125 0.37616666666666665 0.02752604166666662 0.04330555555555554
1 0.5001302083333333 0.46619444444444447 0.02311979166666672 0.040722222222222236
4 0.33522916666666663 0.3394907407407407 0.024171875000000044 0.039629629629629584
5 0.39565625 0.5791203703703705 0.01909375000000004 0.04278703703703707
2 0.4332239583333333 0.30020370370370375 0.021786458333333297 0.035546296296296284
3 0.46034895833333334 0.6904259259259259 0.02051562500000005 0.03835185185185192
4 0.49827083333333333 0.3503888888888889 0.022843749999999947 0.031157407407407387
4 0.464203125 0.3384814814814815 0.023635416666666725 0.03357407407407407
3 0.531921875 0.692925925925926 0.023453125000000106 0.04019444444444452
0 0.3810364583333333 0.6140833333333333 0.024703125000000034 0.03787037037037046
5 0.4815364583333333 0.6850555555555555 0.022354166666666706 0.03625925925925934
3 0.40397916666666667 0.6861574074074074 0.030333333333333337 0.04243518518518512
0 0.43550520833333334 0.33705555555555555 0.02691145833333337 0.03433333333333337
4 0.28946354166666666 0.6037777777777779 0.024307291666666706 0.040361111111111035
0 0.4097864583333333 0.3942407407407407 0.027072916666666676 0.042249999999999996
3 0.3830572916666667 0.5146666666666667 0.02236979166666669 0.039777777777777815
2 0.5294270833333333 0.3315740740740741 0.02202604166666665 0.04632407407407405
5 0.4353125 0.4419259259259259 0.0202760416666667 0.03193518518518519
3 0.3104427083333333 0.42614814814814816 0.02326041666666671 0.0437685185185185
3 0.42915625 0.6491666666666667 0.022166666666666637 0.04417592592592596
2 0.49928125 0.3102685185185185 0.02169791666666671 0.04198148148148151
0 0.3681354166666667 0.47271296296296295 0.021156249999999942 0.0364166666666666
4 0.313234375 0.3559722222222222 0.02216145833333331 0.03502777777777782
4 0.29633333333333334 0.48174999999999996 0.020572916666666666 0.04182407407407414
5 0.41678125 0.3584351851851852 0.023833333333333328 0.029342592592592642
0 0.4523854166666667 0.4226574074074074 0.024453125000000023 0.04254629629629634
5 0.34322916666666664 0.4362407407407407 0.02169791666666671 0.031740740740740715
0 0.4529947916666667 0.5292222222222221 0.0254270833333333 0.03634259259259259
2 0.4342083333333333 0.6004444444444444 0.02374999999999995 0.04793518518518517
0 0.5242760416666666 0.6387777777777778 0.021348958333333338 0.035972222222222135
5 0.4151666666666667 0.49978703703703703 0.021411458333333282 0.03461111111111121
2 0.30708854166666666 0.5265925925925926 0.025984375000000053 0.04050925925925926
3 0.38471875 0.29953703703703705 0.023984374999999978 0.03706481481481479
3 0.3651510416666667 0.22769444444444448 0.02453645833333328 0.044564814814814814
4 0.372078125 0.26949074074074075 0.022265625 0.03530555555555555
0 0.36693749999999997 0.4343333333333333 0.023484374999999957 0.03828703703703706
0 0.4198541666666667 0.45962037037037035 0.030406250000000058 0.042759259259259316
2 0.417171875 0.5684629629629631 0.02213020833333334 0.04549074074074084
2 0.36735937500000004 0.5404907407407408 0.02595833333333329 0.03816666666666669
4 0.29918229166666666 0.5628425925925926 0.0250364583333333 0.032787037037037114
4 0.3424270833333333 0.47693518518518524 0.02627604166666669 0.04105555555555548
3 0.38874479166666664 0.6610833333333334 0.020109374999999947 0.039055555555555614
4 0.42042708333333334 0.42398148148148146 0.02269791666666663 0.029351851851851893
0 0.40416145833333333 0.5354351851851852 0.02081250000000002 0.03942592592592586
3 0.334515625 0.6206851851851852 0.0250364583333333 0.033481481481481556
0 0.440703125 0.5603425925925926 0.02311458333333339 0.037740740740740734
2 0.38403645833333333 0.4057777777777778 0.02255729166666664 0.0455740740740741
5 0.4126197916666667 0.6129166666666667 0.02550520833333335 0.036398148148148096
2 0.356421875 0.31024074074074076 0.02246875000000005 0.04134259259259257
3 0.3303645833333333 0.2910740740740741 0.01822395833333334 0.040574074074074123
0 0.47811458333333334 0.5765277777777778 0.02702083333333339 0.0444722222222222
2 0.5090260416666667 0.402037037037037 0.023604166666666634 0.042879629629629684
0 0.47673437500000004 0.4623888888888889 0.02344791666666666 0.038416666666666675
1 0.46905208333333337 0.3898981481481481 0.023171875000000005 0.04025925925925928
0 0.5108645833333333 0.5971203703703704 0.025843749999999943 0.03726851851851852
3 0.40647395833333333 0.6449074074074074 0.020614583333333294 0.03470370370370372
3 0.3379479166666667 0.39928703703703705 0.02276041666666669 0.03733333333333338
0 0.4894322916666667 0.38693518518518516 0.016432291666666644 0.03837037037037042
0 0.48371875000000003 0.4270555555555556 0.025125000000000005 0.0411666666666667
3 0.40867187499999996 0.32412962962962966 0.01978125000000001 0.03202777777777781
5 0.509453125 0.2755185185185185 0.018869791666666677 0.03249074074074077
3 0.2905052083333333 0.6736018518518518 0.028244791666666675 0.03731481481481477
2 0.39435937499999996 0.3623148148148148 0.020552083333333353 0.038018518518518576
1 0.5282135416666667 0.47368518518518515 0.022520833333333337 0.03510185185185182
3 0.34896354166666665 0.27574074074074073 0.022281249999999985 0.028268518518518495
4 0.33565625000000004 0.518925925925926 0.02898437500000005 0.03631481481481484
2 0.4519947916666667 0.46524074074074073 0.023890624999999943 0.03512037037037032
4 0.32061458333333337 0.5761574074074074 0.019838541666666622 0.0382592592592592
3 0.34397395833333333 0.5867685185185185 0.027895833333333304 0.03300925925925934
1 0.448640625 0.36792592592592593 0.022135416666666668 0.039240740740740736
4 0.359953125 0.502361111111111 0.022734375000000046 0.03234259259259265
3 0.5269791666666667 0.2831388888888889 0.017390624999999934 0.034574074074074104
3 0.32473958333333336 0.45488888888888884 0.020369791666666616 0.03189814814814819
2 0.434171875 0.39774074074074073 0.020833333333333332 0.03263888888888889
1 0.37589062500000003 0.335787037037037 0.02471875000000002 0.03471296296296297
3 0.3938802083333333 0.4792962962962963 0.02748958333333332 0.038722222222222165
0 0.47554166666666664 0.5181018518518518 0.028817708333333296 0.07410185185185182
0 0.473296875 0.49590740740740746 0.02570833333333328 0.030814814814814788
1 0.4786822916666667 0.5342314814814815 0.022609375000000043 0.041111111111111195
1 0.5157239583333334 0.4372037037037037 0.023307291666666667 0.03886111111111114
4 0.3419166666666667 0.5530740740740742 0.027078125000000005 0.029694444444444384
4 0.316328125 0.49326851851851855 0.023276041666666695 0.037685185185185224
2 0.4405625 0.4960462962962963 0.02133854166666668 0.03254629629629638
2 0.39464583333333336 0.4394074074074074 0.027536458333333277 0.03511111111111107