4 0.29978125 0.5624166666666667 0.02449479166666665 0.03211111111111117
4 0.2897604166666667 0.6037685185185185 0.02326041666666671 0.041787037037037136
4 0.32143229166666665 0.5751759259259259 0.018807291666666615 0.03650925925925932
4 0.34246354166666665 0.552962962962963 0.02375520833333328 0.029916666666666616
4 0.33603124999999995 0.5175462962962963 0.028703124999999947 0.03562962962962964
4 0.31722395833333333 0.49137037037037035 0.02276562500000002 0.038712962962962914
4 0.2959479166666667 0.48103703703703704 0.020291666666666687 0.041787037037037136
4 0.34209375000000003 0.47641666666666665 0.024989583333333343 0.04223148148148139
4 0.3613958333333333 0.5030277777777777 0.020536458333333365 0.03299074074074084
4 0.42078125 0.42275 0.023999999999999962 0.02903703703703705
4 0.31277083333333333 0.3825 0.024249999999999973 0.033870370370370405
4 0.326875 0.33278703703703705 0.02326041666666671 0.044425925925925945
4 0.4637135416666667 0.3387222222222222 0.02227083333333333 0.032555555555555525
4 0.4972447916666667 0.3495 0.0230104166666667 0.030351851851851828
4 0.3733958333333333 0.2802222222222222 0.02276562500000002 0.036074074074074106
3 0.31002083333333336 0.42465740740740743 0.023958333333333335 0.043462962962963016
3 0.3248125 0.454212962962963 0.020291666666666687 0.03129629629629625
3 0.33715625 0.3998888888888889 0.022984375000000057 0.03999074074074079
3 0.329703125 0.2886111111111111 0.018338541666666687 0.03737962962962963
3 0.34583854166666667 0.27449074074074076 0.015890624999999995 0.03781481481481484
3 0.38984895833333333 0.3029537037037037 0.021760416666666654 0.04173148148148153
3 0.408796875 0.3246851851851852 0.020536458333333365 0.03129629629629625
3 0.393515625 0.47812037037037036 0.028114583333333342 0.03824999999999995
3 0.38251041666666663 0.5142037037037037 0.022739583333333376 0.03912037037037037
3 0.34546875 0.5870092592592593 0.02787499999999999 0.033472222222222306
3 0.335078125 0.6206944444444444 0.023713541666666654 0.03216666666666668
3 0.2905833333333333 0.6739351851851852 0.02714062499999995 0.03520370370370369
3 0.38947916666666665 0.6626388888888889 0.020046875000000006 0.03955555555555558
3 0.40732812500000004 0.6463333333333333 0.02102604166666661 0.03650925925925932
3 0.40439583333333334 0.6869722222222222 0.031786458333333316 0.03955555555555558
3 0.43177604166666667 0.696324074074074 0.024937500000000057 0.04433333333333343
3 0.429578125 0.65025 0.022005208333333335 0.04520370370370364
3 0.460875 0.6906666666666667 0.020046875000000006 0.03912037037037037
3 0.5322656250000001 0.6930648148148149 0.021515624999999972 0.03955555555555558
3 0.5404531250000001 0.6372037037037036 0.017848958333333324 0.03737962962962953
3 0.5263958333333333 0.2840462962962963 0.01711458333333328 0.03520370370370369
2 0.35366145833333335 0.31708333333333333 0.024692708333333376 0.036074074074074106
2 0.43288020833333335 0.30012962962962964 0.021760416666666654 0.03433333333333337
2 0.4748072916666667 0.3036111111111111 0.024447916666666694 0.03781481481481484
2 0.49852604166666664 0.311 0.022005208333333335 0.04215740740740738
2 0.52871875 0.33012037037037034 0.02127083333333329 0.04650925925925928
2 0.5479114583333333 0.2992592592592592 0.02102604166666661 0.04129629629629632
2 0.5079375 0.40075 0.024203125000000013 0.04346296296296291
2 0.4339791666666667 0.39705555555555555 0.020536458333333365 0.02912037037037041
2 0.39376041666666667 0.36120370370370375 0.022739583333333376 0.040861111111111105
2 0.3833697916666667 0.40531481481481485 0.022494791666666694 0.045638888888888854
2 0.3938802083333333 0.43922222222222224 0.0254270833333333 0.036074074074074106
2 0.451703125 0.4644351851851851 0.024692708333333376 0.036074074074074106
2 0.44106770833333336 0.49529629629629623 0.02102604166666661 0.029990740740740835
2 0.36759895833333334 0.5391944444444445 0.026651041666666705 0.03694444444444453
2 0.4180885416666667 0.5696203703703704 0.021515624999999972 0.047379629629629695
2 0.43409895833333334 0.602212962962963 0.023713541666666654 0.0456296296296296
0 0.43458854166666666 0.3368611111111111 0.026161458333333342 0.0356388888888889
0 0.48935416666666665 0.3861944444444444 0.01686979166666672 0.036074074074074106
0 0.48385416666666664 0.4255277777777778 0.02591666666666666 0.04346296296296291
0 0.4524375 0.4224907407407408 0.024203125000000013 0.04346296296296291
0 0.40891666666666665 0.39249999999999996 0.02763020833333331 0.040861111111111105
0 0.36673958333333334 0.4342222222222222 0.023958333333333335 0.03912037037037037
0 0.36759895833333334 0.47355555555555556 0.020781250000000046 0.03781481481481484
0 0.41894270833333336 0.46008333333333334 0.031052083333333275 0.03955555555555558
0 0.4763958333333333 0.462037037037037 0.02127083333333329 0.034768518518518476
0 0.4744427083333333 0.49507407407407406 0.026651041666666705 0.030425925925925832
0 0.40439583333333334 0.535712962962963 0.019557291666666643 0.03955555555555558
0 0.4526822916666667 0.5287592592592593 0.024692708333333376 0.036074074074074106
0 0.44119270833333335 0.5602777777777778 0.022250000000000013 0.03737962962962953
0 0.47847395833333334 0.5761388888888889 0.024447916666666694 0.04129629629629621
0 0.5105052083333333 0.5954814814814815 0.024937500000000057 0.03824999999999995
0 0.5202864583333333 0.6356851851851851 0.019557291666666643 0.03781481481481474
0 0.38153645833333333 0.6141666666666666 0.023713541666666654 0.03650925925925932
1 0.3749322916666667 0.33794444444444444 0.02518229166666662 0.031731481481481465
1 0.44828125 0.3675 0.023713541666666654 0.04129629629629632
1 0.46759375 0.3894537037037037 0.021760416666666654 0.04173148148148153
1 0.5151510416666667 0.4381388888888889 0.022494791666666694 0.03912037037037037
1 0.5275 0.4737777777777778 0.022249999999999895 0.033907407407407414
1 0.4999895833333333 0.4655185185185185 0.0234739583333333 0.03912037037037037
1 0.500234375 0.5144166666666667 0.020046875000000006 0.05085185185185192
1 0.478109375 0.5328888888888889 0.023713541666666654 0.03999074074074079
5 0.36784374999999997 0.3792407407407407 0.028604166666666705 0.04650925925925928
5 0.41649479166666664 0.35924074074074075 0.024203125000000013 0.029990740740740728
5 0.5089166666666667 0.27449074074074076 0.018828125000000046 0.03260185185185189
5 0.43507812500000004 0.44074074074074077 0.020291666666666687 0.028685185185185202
5 0.414296875 0.4985555555555556 0.020291666666666687 0.03650925925925932
5 0.4278645833333333 0.5255 0.0254270833333333 0.034768518518518476
5 0.34290625 0.43639814814814815 0.020781250000000046 0.03042592592592594
5 0.37358854166666666 0.581787037037037 0.024447916666666694 0.04129629629629621
5 0.3964479166666666 0.57875 0.019802083333333324 0.04650925925925928
5 0.412828125 0.6117777777777778 0.02518229166666662 0.03520370370370369
5 0.45158333333333334 0.6432962962962963 0.020536458333333365 0.04955555555555554
5 0.48801041666666667 0.6411203703703704 0.0234739583333333 0.04694444444444449
5 0.482875 0.6850185185185186 0.020536458333333365 0.03737962962962953
2 0.3076979166666666 0.5283240740740741 0.026161458333333342 0.04476851851851844