5 0.37320312499999997 0.5815740740740741 0.024666666666666615 0.040703703703703735
5 0.4880260416666667 0.6415925925925926 0.0230833333333333 0.04666666666666675
5 0.41511458333333334 0.49926851851851856 0.02130208333333338 0.0348611111111112
5 0.42803645833333337 0.5258796296296296 0.024036458333333382 0.03732407407407402
5 0.45121354166666666 0.642712962962963 0.02137499999999998 0.049388888888888816
2 0.5479843750000001 0.29903703703703705 0.021354166666666667 0.04215740740740738
1 0.5006614583333333 0.5145092592592592 0.02126562499999996 0.04928703703703705
5 0.36857291666666664 0.3774351851851852 0.027541666666666725 0.04437037037037033
3 0.43175 0.6957129629629629 0.026192708333333314 0.043620370370370275
0 0.43519270833333334 0.3363611111111111 0.026760416666666724 0.03429629629629626
3 0.4604427083333333 0.6904722222222223 0.020296875000000013 0.03848148148148143
4 0.32700520833333335 0.33385185185185184 0.024369791666666647 0.04346296296296291
5 0.48160416666666667 0.6854907407407408 0.022567708333333294 0.036055555555555605
0 0.4093333333333333 0.39346296296296296 0.027421875000000047 0.04293518518518519
4 0.500046875 0.34880555555555554 0.021401041666666624 0.034722222222222224
1 0.4677864583333333 0.3885648148148148 0.0226927083333333 0.04025925925925928
2 0.481875 0.3224444444444445 0.021885416666666657 0.04448148148148145
5 0.395921875 0.579287037037037 0.019291666666666648 0.04318518518518528
3 0.40405729166666665 0.6871388888888889 0.030854166666666672 0.042388888888888865
4 0.2901666666666667 0.6049722222222222 0.024411458333333278 0.04119444444444445
0 0.38158333333333333 0.6142962962962963 0.024515624999999968 0.03780555555555549
2 0.4329635416666667 0.29980555555555555 0.021890624999999986 0.03462037037037036
0 0.5100833333333333 0.5951111111111111 0.025880208333333363 0.03914814814814812
2 0.5326979166666667 0.3367314814814815 0.025838541666666732 0.03929629629629624
5 0.43507812500000004 0.441037037037037 0.020880208333333292 0.031009259259259268
3 0.39018749999999996 0.30277777777777776 0.022411458333333318 0.040027777777777794
3 0.531921875 0.6933981481481482 0.023489583333333286 0.04055555555555551
4 0.37345833333333334 0.27975 0.0226197916666667 0.033194444444444464
0 0.45326041666666667 0.5287962962962963 0.025312499999999953 0.03662962962962958
3 0.38321354166666666 0.5141574074074073 0.022041666666666633 0.03984259259259257
5 0.39201041666666664 0.24416666666666664 0.01963020833333336 0.036379629629629595
3 0.34585937499999997 0.2732685185185185 0.016677083333333325 0.040175925925925914
0 0.45235416666666667 0.4227592592592592 0.024770833333333304 0.04114814814814809
1 0.5160520833333334 0.43748148148148147 0.02216145833333331 0.03866666666666666
0 0.36849479166666665 0.4728888888888889 0.020901041666666724 0.03651851851851857
2 0.5082864583333333 0.4016574074074074 0.023395833333333373 0.04396296296296298
3 0.4295625 0.6496203703703703 0.022265625 0.04460185185185192
4 0.46182812500000003 0.34013888888888894 0.018718750000000027 0.03737962962962963
3 0.31040104166666665 0.42542592592592593 0.022848958333333277 0.04419444444444446
5 0.4164895833333333 0.357962962962963 0.023411458333333357 0.03036111111111108
4 0.31279687500000003 0.3827685185185185 0.023817708333333344 0.03226851851851854
5 0.343265625 0.43580555555555556 0.021333333333333353 0.0312685185185185
4 0.296546875 0.4813055555555555 0.020619791666666623 0.04175925925925918
2 0.3535260416666667 0.31775925925925924 0.023880208333333285 0.03552777777777778
2 0.434625 0.6010092592592593 0.02353645833333336 0.046638888888888785
3 0.38910937500000004 0.6613796296296296 0.020562500000000008 0.038824074074074136
0 0.36678645833333334 0.43430555555555556 0.02375520833333328 0.03862962962962965
1 0.5283072916666668 0.4734259259259259 0.022567708333333294 0.03551851851851853
3 0.337359375 0.3989259259259259 0.02319270833333332 0.03665740740740744
2 0.30761458333333336 0.5267222222222222 0.026416666666666682 0.04067592592592598
3 0.5401614583333333 0.6365555555555555 0.0192135416666666 0.03788888888888896
1 0.5023177083333333 0.46519444444444447 0.023744791666666622 0.04136111111111107
3 0.335 0.6209814814814815 0.02507812500000005 0.03325000000000008
2 0.3677239583333333 0.5400092592592592 0.02595833333333329 0.038027777777777716
2 0.4175833333333333 0.5686666666666667 0.02219791666666661 0.04601851851851856
0 0.478515625 0.5765833333333333 0.026953125 0.04493518518518516
4 0.34268750000000003 0.4765555555555555 0.026078124999999966 0.04113888888888895
1 0.37534375 0.33716666666666667 0.025411458333333314 0.03221296296296293
4 0.29953645833333337 0.5629166666666667 0.024890624999999982 0.03320370370370361
0 0.44103125 0.56025 0.023166666666666676 0.038657407407407404
3 0.29071874999999997 0.6738796296296296 0.028427083333333294 0.037416666666666744
1 0.447609375 0.36837962962962967 0.022744791666666705 0.03952777777777783
2 0.38353645833333333 0.4050740740740741 0.021812500000000058 0.04502777777777777
0 0.47658854166666664 0.46182407407407405 0.0237916666666667 0.03918518518518513
4 0.41971875000000003 0.42389814814814814 0.021828125000000042 0.029370370370370397
3 0.32978124999999997 0.28950000000000004 0.018526041666666635 0.03862962962962965
3 0.40702604166666667 0.6454074074074073 0.020927083333333367 0.03546296296296292
0 0.5204479166666667 0.6359814814814815 0.01994791666666664 0.039787037037037065
3 0.5523385416666666 0.25793518518518516 0.019864583333333265 0.03452777777777775
0 0.4835520833333333 0.4267777777777778 0.02503124999999997 0.042092592592592626
4 0.33625 0.5185925925925926 0.028187499999999942 0.0360185185185186
4 0.320890625 0.5762129629629629 0.020260416666666715 0.03792592592592596
3 0.39381770833333335 0.47882407407407407 0.026843749999999982 0.039083333333333366
1 0.4788385416666667 0.5340925925925927 0.022958333333333296 0.04129629629629621
4 0.3176197916666667 0.49137037037037035 0.022463541666666722 0.039481481481481576
0 0.47380208333333335 0.49549074074074073 0.025984375000000053 0.031064814814814774
4 0.341421875 0.552574074074074 0.024697916666666705 0.03028703703703707
3 0.34435937499999997 0.5869444444444444 0.028786458333333324 0.032694444444444394
2 0.45205208333333335 0.4649259259259259 0.02375520833333328 0.03525925925925919
3 0.32485416666666667 0.4543055555555555 0.020322916666666656 0.03308333333333335
2 0.39425520833333333 0.4382222222222222 0.02722916666666665 0.03682407407407406
0 0.40444791666666663 0.535324074074074 0.02101562499999995 0.03888888888888889
2 0.39417708333333334 0.3612222222222222 0.020859374999999975 0.03872222222222227
5 0.4132604166666667 0.6129814814814815 0.02529166666666664 0.03587962962962963
0 0.48821875 0.3885 0.016708333333333294 0.03780555555555559
3 0.40877083333333336 0.32342592592592595 0.02104687500000004 0.03185185185185183
0 0.41990625000000004 0.45912962962962967 0.03061458333333332 0.04350000000000002
2 0.5078802083333334 0.3143611111111111 0.023942708333333347 0.034768518518518476
2 0.4335625 0.3985370370370371 0.020692708333333344 0.03234259259259255
4 0.3606666666666667 0.5031111111111112 0.02219270833333328 0.031722222222222214
2 0.4414270833333333 0.4955833333333334 0.020359374999999957 0.03294444444444438