5 0.37299479166666666 0.5816388888888888 0.024661458333333285 0.04094444444444447
5 0.48806770833333335 0.6415648148148148 0.02312500000000005 0.046370370370370305
5 0.4278541666666667 0.5258611111111111 0.023807291666666685 0.03752777777777775
5 0.45107812500000005 0.6428333333333334 0.021567708333333376 0.049379629629629565
5 0.367640625 0.3803888888888889 0.026125000000000044 0.044537037037037056
3 0.43178645833333335 0.6955555555555556 0.026109375000000056 0.044046296296296236
4 0.5000729166666666 0.3492037037037037 0.021510416666666643 0.03550000000000003
2 0.5483750000000001 0.29964814814814816 0.021536458333333286 0.04176851851851853
1 0.5021718749999999 0.4653981481481481 0.024088541666666668 0.04115740740740745
1 0.5005104166666666 0.5145555555555555 0.02112499999999997 0.048953703703703604
3 0.4604010416666667 0.6903055555555555 0.020374999999999942 0.03837962962962967
5 0.4150104166666667 0.49936111111111103 0.020979166666666653 0.03544444444444442
0 0.435890625 0.33625 0.02638020833333338 0.03437962962962963
0 0.4093072916666667 0.3933240740740741 0.027406249999999945 0.04251851851851848
4 0.32715104166666664 0.33414814814814814 0.02467708333333339 0.043074074074074056
3 0.38305208333333335 0.5141574074074073 0.02236458333333336 0.03989814814814807
2 0.43312500000000004 0.30026851851851855 0.021880208333333328 0.03430555555555551
3 0.3915729166666667 0.3086666666666667 0.02195312500000005 0.042490740740740725
2 0.4820364583333333 0.32287037037037036 0.022078125000000053 0.044703703703703676
3 0.4041354166666667 0.6868333333333333 0.030994791666666664 0.042379629629629614
5 0.39582812500000003 0.578861111111111 0.019442708333333295 0.04318518518518528
2 0.508015625 0.31445370370370374 0.023729166666666638 0.03366666666666668
0 0.51009375 0.5959537037037037 0.026010416666666696 0.03917592592592588
5 0.48175 0.6852037037037036 0.02272395833333339 0.036064814814814855
4 0.28978645833333333 0.604462962962963 0.024119791666666637 0.04085185185185175
0 0.45206250000000003 0.4225555555555556 0.025015624999999986 0.04133333333333332
0 0.38140625 0.614287037037037 0.024624999999999987 0.03740740740740749
4 0.374875 0.28305555555555556 0.023171875000000005 0.03410185185185189
0 0.36834375 0.473212962962963 0.020682291666666686 0.036379629629629595
3 0.3456822916666667 0.2734074074074074 0.018864583333333348 0.03640740740740745
5 0.435015625 0.4415185185185185 0.02119791666666669 0.03162037037037035
3 0.31014583333333334 0.4257222222222222 0.023307291666666667 0.04396296296296298
2 0.5327083333333333 0.336537037037037 0.02552604166666678 0.039074074074074115
5 0.34307291666666667 0.4358796296296296 0.021640624999999976 0.031444444444444476
3 0.42959895833333334 0.6496851851851851 0.02227083333333333 0.0445277777777777
4 0.3127864583333333 0.38274074074074077 0.024057291666666696 0.032398148148148155
3 0.532 0.6935462962962963 0.023442708333333447 0.040342592592592534
4 0.4618645833333333 0.34064814814814814 0.018807291666666615 0.0386018518518519
0 0.47836979166666665 0.5765277777777778 0.02722916666666665 0.0445277777777777
3 0.38893229166666665 0.6614722222222222 0.020406250000000032 0.03929629629629635
5 0.4165677083333333 0.3583055555555556 0.0234375 0.030472222222222192
2 0.30734895833333337 0.5266666666666666 0.026296875000000004 0.040435185185185255
4 0.29635416666666664 0.481287037037037 0.02074479166666663 0.04179629629629639
2 0.43466666666666665 0.6005370370370371 0.02371874999999998 0.04740740740740745
0 0.36678645833333334 0.43421296296296297 0.023635416666666725 0.0382407407407407
2 0.3543385416666667 0.31604629629629627 0.02106770833333336 0.040768518518518496
2 0.5082083333333334 0.4013333333333333 0.023380208333333385 0.04382407407407411
3 0.5400260416666666 0.6366759259259259 0.01896354166666659 0.03780555555555549
0 0.45309375 0.5286944444444445 0.025557291666666634 0.037027777777777784
4 0.34234375 0.4767222222222222 0.026291666666666675 0.04115740740740745
0 0.47641666666666665 0.46190740740740743 0.023843749999999986 0.03903703703703711
3 0.33491666666666664 0.6213333333333333 0.025093750000000033 0.033055555555555595
1 0.5280260416666667 0.47310185185185183 0.023140624999999915 0.03550925925925928
2 0.3672916666666667 0.5401111111111112 0.025901041666666676 0.03849074074074068
4 0.299328125 0.5627592592592592 0.025 0.03282407407407412
3 0.33743229166666666 0.39925 0.023182291666666664 0.03672222222222219
2 0.41748958333333336 0.5686944444444445 0.022104166666666696 0.04569444444444436
0 0.440828125 0.560324074074074 0.023145833333333362 0.0382222222222222
1 0.5158020833333333 0.4376481481481482 0.02236979166666669 0.03872222222222227
0 0.4736197916666667 0.49522222222222223 0.02603125000000001 0.03195370370370369
3 0.3297708333333333 0.29033333333333333 0.017765624999999948 0.038703703703703664
3 0.2907291666666667 0.6739166666666667 0.028473958333333372 0.03720370370370376
0 0.48346354166666666 0.42668518518518517 0.025197916666666723 0.04162037037037041
3 0.41165625 0.32299074074074074 0.01984895833333328 0.03191666666666669
1 0.44750520833333335 0.36942592592592594 0.02248437500000004 0.038981481481481506
0 0.5204166666666666 0.6356666666666666 0.019791666666666666 0.039407407407407356
2 0.38347916666666665 0.40476851851851847 0.021958333333333375 0.04618518518518518
1 0.47866145833333335 0.5339259259259259 0.022942708333333308 0.041787037037037136
1 0.374421875 0.3381018518518518 0.02397916666666665 0.03440740740740738
3 0.40708333333333335 0.6453518518518518 0.020828125000000006 0.03553703703703714
4 0.4193645833333333 0.42383333333333334 0.021749999999999995 0.028935185185185185
0 0.4043802083333333 0.5353518518518519 0.020979166666666653 0.03953703703703708
2 0.39402604166666666 0.4379166666666667 0.026999999999999958 0.036629629629629686
4 0.33566145833333333 0.5183796296296297 0.02875520833333335 0.03616666666666662
4 0.3207291666666666 0.5760185185185185 0.01985416666666661 0.03852777777777768
3 0.3443125 0.5868148148148148 0.028114583333333342 0.03319444444444436
3 0.5525729166666667 0.2582407407407407 0.019484374999999925 0.03440740740740738
2 0.4518697916666667 0.4646018518518518 0.02372395833333331 0.03527777777777769
4 0.3174739583333333 0.4920833333333334 0.022239583333333358 0.03824999999999995
4 0.34113020833333335 0.552962962962963 0.02467708333333339 0.03037962962962958
3 0.3248489583333333 0.45439814814814816 0.020093749999999962 0.03331481481481483
2 0.4331614583333333 0.39905555555555555 0.020364583333333287 0.03277777777777776
3 0.3936822916666667 0.47887037037037034 0.026848958333333308 0.03911111111111112
0 0.4197447916666667 0.4598055555555555 0.03046875 0.04242592592592597
0 0.4883385416666667 0.3885 0.016203124999999947 0.03744444444444439
1 0.4678802083333334 0.3887037037037037 0.022750000000000034 0.04037037037037039
2 0.3938802083333333 0.35938888888888887 0.022531249999999996 0.048212962962963006
4 0.3603802083333333 0.5029629629629631 0.023385416666666714 0.03192592592592594
5 0.41216145833333334 0.6139537037037037 0.026723958333333304 0.0386018518518519
2 0.4413958333333333 0.4959166666666667 0.020046875000000006 0.03414814814814825