5 0.373421875 0.5812962962962962 0.02464062499999997 0.04089814814814822
5 0.4153333333333334 0.49875925925925924 0.021427083333333385 0.03483333333333323
5 0.48863541666666666 0.6404166666666666 0.02326041666666671 0.045388888888888874
5 0.4517083333333333 0.6416944444444445 0.0215208333333333 0.04917592592592583
2 0.5187135416666666 0.2856203703703704 0.02365104166666671 0.03851851851851854
3 0.43227604166666667 0.6954814814814815 0.026338541666666635 0.04365740740740749
5 0.428078125 0.5251574074074074 0.023994791666666633 0.03778703703703699
1 0.50209375 0.4644166666666666 0.02386979166666663 0.04092592592592597
5 0.36735937500000004 0.3798425925925926 0.026421875000000008 0.04498148148148152
2 0.4815625 0.3218796296296296 0.0218385416666667 0.04477777777777779
4 0.4985104166666667 0.3495462962962963 0.022828124999999963 0.032250000000000036
2 0.43270312499999997 0.2998425925925926 0.02190104166666664 0.033935185185185165
2 0.5300364583333332 0.34211111111111114 0.02301562500000003 0.04437037037037033
1 0.46753125 0.3876203703703704 0.02205208333333329 0.040740740740740744
0 0.409046875 0.39317592592592593 0.027515624999999964 0.04296296296296294
1 0.5006927083333333 0.5134537037037037 0.021296875000000052 0.04940740740740732
3 0.460875 0.6901944444444444 0.020437500000000004 0.03887037037037039
0 0.38194791666666666 0.6141296296296296 0.024895833333333308 0.038805555555555635
3 0.40472395833333336 0.6865370370370371 0.030593750000000006 0.04219444444444439
0 0.4353020833333333 0.33611111111111114 0.026302083333333334 0.0349351851851852
4 0.326765625 0.3339814814814815 0.024161458333333385 0.043046296296296305
3 0.39089583333333333 0.3088518518518519 0.022208333333333385 0.04325925925925928
5 0.43485416666666665 0.44057407407407406 0.020583333333333325 0.030472222222222192
5 0.48227083333333337 0.6844722222222223 0.02272916666666672 0.03593518518518513
4 0.29027083333333337 0.6045925925925927 0.02421875 0.04090740740740747
4 0.2964114583333333 0.481462962962963 0.02077083333333339 0.04245370370370362
3 0.3100364583333333 0.4255740740740741 0.02343229166666667 0.044009259259259234
0 0.5105416666666667 0.5946944444444444 0.02592708333333332 0.03884259259259264
4 0.37441145833333334 0.28296296296296297 0.023307291666666667 0.03437037037037038
3 0.3833020833333334 0.5140833333333333 0.02258854166666661 0.04009259259259255
0 0.4533125 0.5281388888888888 0.024984375000000014 0.03730555555555552
0 0.45234375 0.4221574074074074 0.02474479166666666 0.04109259259259259
4 0.461421875 0.34014814814814814 0.019223958333333378 0.03893518518518514
0 0.478890625 0.5759537037037037 0.02677604166666671 0.04424074074074071
0 0.368140625 0.47194444444444444 0.020463541666666647 0.03767592592592587
3 0.429953125 0.6494537037037037 0.022489583333333365 0.04449999999999995
3 0.3450416666666667 0.2731759259259259 0.01831770833333337 0.03584259259259263
3 0.5325729166666666 0.6926851851851852 0.023421874999999894 0.04066666666666673
2 0.307859375 0.5266851851851853 0.02646354166666664 0.04025925925925928
2 0.435203125 0.599962962962963 0.02400520833333329 0.046740740740740756
5 0.39629166666666665 0.5782407407407407 0.019041666666666637 0.04451851851851845
5 0.34296354166666665 0.43566666666666665 0.02168750000000005 0.0316481481481481
2 0.35398437499999996 0.316212962962963 0.020890624999999947 0.0400833333333333
5 0.41605729166666666 0.35782407407407407 0.0230833333333333 0.02919444444444442
4 0.31240625000000005 0.3828888888888889 0.023822916666666673 0.03259259259259263
0 0.4412291666666667 0.5597592592592592 0.022880208333333367 0.03850925925925918
1 0.47878645833333333 0.5327314814814815 0.023375000000000055 0.041342592592592674
2 0.505875 0.3162962962962963 0.02223437500000003 0.035148148148148185
3 0.5406927083333334 0.6354351851851852 0.01920833333333339 0.037425925925925994
3 0.3894947916666667 0.661212962962963 0.020046875000000006 0.03945370370370361
3 0.32911979166666666 0.28985185185185186 0.018124999999999978 0.039249999999999986
2 0.5076927083333334 0.40084259259259264 0.02410937499999998 0.04255555555555559
2 0.41788020833333334 0.5680462962962963 0.022177083333333295 0.045398148148148125
0 0.3666302083333333 0.43419444444444444 0.023692708333333336 0.0382037037037037
1 0.44717708333333334 0.36779629629629634 0.022421874999999977 0.039240740740740736
2 0.36782291666666667 0.5396388888888889 0.026317708333333318 0.03816666666666669
0 0.4765 0.46064814814814814 0.02323437499999995 0.03902777777777786
1 0.5281302083333334 0.4720185185185185 0.022953125000000085 0.035092592592592675
4 0.34236458333333336 0.4766018518518519 0.026578124999999987 0.041351851851851924
0 0.40466145833333333 0.5350925925925926 0.020432291666666675 0.03919444444444438
2 0.393625 0.36097222222222225 0.02080729166666669 0.03944444444444446
3 0.33565625000000004 0.6212962962962963 0.02514062499999999 0.03295370370370363
4 0.2999322916666667 0.563 0.025166666666666632 0.03328703703703708
5 0.41362499999999996 0.612787037037037 0.02467708333333339 0.0356388888888889
4 0.41917708333333337 0.42324074074074075 0.022572916666666623 0.02923148148148153
2 0.38315104166666664 0.4045 0.02158333333333336 0.04750925925925921
3 0.33713541666666663 0.39937962962962964 0.023109374999999942 0.036509259259259214
3 0.29145312500000004 0.6739351851851852 0.02858333333333339 0.037333333333333274
1 0.37380208333333337 0.3379907407407407 0.02440624999999995 0.034444444444444486
0 0.520828125 0.6347222222222222 0.01978125000000001 0.03956481481481483
3 0.3448333333333334 0.5868240740740741 0.028244791666666675 0.03334259259259258
3 0.393703125 0.47851851851851845 0.02762499999999998 0.03950925925925933
4 0.317515625 0.4924722222222222 0.022390625000000004 0.0385833333333334
4 0.3213020833333333 0.5765740740740741 0.0207395833333333 0.03771296296296298
4 0.341609375 0.5528148148148148 0.024880208333333324 0.030685185185185277
2 0.452078125 0.464 0.023630208333333277 0.03568518518518515
3 0.32442187499999997 0.4541296296296296 0.02081250000000002 0.03270370370370375
0 0.483265625 0.42569444444444443 0.02474999999999999 0.042527777777777734
4 0.36005208333333333 0.5018796296296296 0.02276562500000002 0.031444444444444476
3 0.4112239583333333 0.32280555555555557 0.020333333333333314 0.032120370370370424
3 0.407234375 0.6450833333333333 0.02059895833333331 0.034574074074074
0 0.47396875 0.4947129629629629 0.02635937499999995 0.03261111111111114
2 0.43309375 0.3985277777777778 0.020458333333333318 0.03384259259259255
2 0.393890625 0.43771296296296297 0.027281250000000055 0.03643518518518521
1 0.5157395833333334 0.4377037037037037 0.02244270833333329 0.041027777777777726
0 0.48792187499999995 0.38712962962962966 0.016447916666666628 0.03885185185185189
4 0.3365520833333333 0.5187407407407407 0.028567708333333285 0.03521296296296294
2 0.44149999999999995 0.4947037037037037 0.020572916666666666 0.030472222222222296
0 0.4190260416666666 0.4598240740740741 0.03200000000000003 0.04062962962962973