5 0.3730104166666666 0.5810462962962962 0.024552083333333384 0.04133333333333342
5 0.4882239583333333 0.6405925925925926 0.023166666666666676 0.04526851851851861
3 0.431953125 0.6952777777777778 0.026057291666666652 0.04325925925925928
1 0.449625 0.36983333333333335 0.021312500000000036 0.040185185185185164
0 0.42127604166666666 0.4608055555555556 0.03159895833333337 0.042231481481481495
0 0.40834895833333335 0.397537037037037 0.027755208333333316 0.04346296296296291
5 0.42864583333333334 0.5264814814814816 0.023604166666666634 0.03772222222222223
2 0.42098437499999997 0.2996388888888889 0.022140624999999994 0.033916666666666664
3 0.46053645833333334 0.6900462962962963 0.020578124999999996 0.03866666666666666
1 0.37611979166666665 0.35078703703703706 0.020473958333333306 0.04583333333333333
4 0.4830520833333333 0.34690740740740744 0.019119791666666684 0.03913888888888887
3 0.40427083333333336 0.6864166666666667 0.030671875000000053 0.042657407407407345
5 0.36192708333333334 0.3876851851851852 0.02788541666666665 0.04424074074074071
5 0.45128125 0.6419722222222223 0.0215208333333333 0.049333333333333305
4 0.29750000000000004 0.3335185185185185 0.022817708333333304 0.04028703703703703
5 0.43709375 0.4437685185185185 0.020557291666666682 0.031601851851851846
0 0.4674270833333333 0.2980555555555555 0.025098958333333362 0.038268518518518556
0 0.5103125 0.5946481481481481 0.02595833333333329 0.039074074074074115
1 0.46992708333333333 0.3907777777777778 0.022421874999999977 0.039629629629629584
1 0.5008072916666666 0.5136666666666666 0.02123958333333332 0.04950000000000004
1 0.5026822916666667 0.46439814814814817 0.02390104166666672 0.04089814814814811
3 0.3306354166666667 0.31548148148148153 0.02507291666666672 0.030814814814814788
5 0.343078125 0.43556481481481485 0.022093750000000037 0.033222222222222215
5 0.42480729166666664 0.3705648148148148 0.024791666666666618 0.0268240740740741
3 0.3833125 0.5144351851851852 0.022526041666666666 0.039740740740740806
2 0.5252864583333333 0.2753611111111111 0.02489583333333343 0.03654629629629632
4 0.29015625 0.6049907407407408 0.024520833333333294 0.0408055555555555
0 0.4540104166666667 0.4229351851851852 0.02397916666666665 0.04254629629629634
2 0.5322291666666668 0.34323148148148147 0.02254687499999998 0.04390740740740737
5 0.39577604166666663 0.5796388888888889 0.019484375000000043 0.043722222222222246
4 0.29633333333333334 0.48136111111111113 0.021041666666666715 0.042101851851851876
5 0.48202083333333334 0.6845555555555556 0.022598958333333384 0.03592592592592588
3 0.33121875 0.4026018518518519 0.022109375000000025 0.03961111111111108
3 0.42963541666666666 0.6493333333333333 0.022395833333333334 0.04471296296296293
3 0.5321822916666666 0.6924444444444445 0.023567708333333333 0.04028703703703703
0 0.36720312499999996 0.4343796296296296 0.023697916666666666 0.03756481481481486
0 0.4786770833333333 0.5761203703703704 0.02690625000000004 0.0448703703703704
0 0.453625 0.527962962962963 0.025119791666666676 0.036787037037037056
4 0.3319479166666667 0.3592314814814815 0.024802083333333277 0.039898148148148176
2 0.4920677083333333 0.31074074074074076 0.02279166666666666 0.04436111111111108
4 0.3429010416666667 0.4768981481481481 0.02627083333333336 0.04085185185185175
3 0.38898958333333333 0.6611481481481482 0.02006249999999999 0.03915740740740738
0 0.368921875 0.473 0.021031250000000057 0.03739814814814814
2 0.3076510416666667 0.5268518518518519 0.026322916666666647 0.040370370370370286
4 0.30378125 0.3808240740740741 0.01943229166666664 0.03875925925925927
2 0.5118541666666666 0.39814814814814814 0.023390625000000043 0.04095370370370372
0 0.40475 0.5371759259259259 0.02138020833333331 0.0385648148148149
2 0.43493750000000003 0.6002592592592593 0.023520833333333376 0.046638888888888785
4 0.5037604166666667 0.3590833333333333 0.022640625000000015 0.031435185185185226
3 0.40761458333333334 0.3275092592592592 0.024781249999999963 0.038250000000000055
0 0.47730729166666663 0.4603611111111111 0.022854166666666724 0.040194444444444415
3 0.31039062500000003 0.42616666666666664 0.02286979166666671 0.0444907407407407
4 0.29963541666666665 0.5632592592592593 0.02529166666666664 0.033361111111111084
0 0.44149479166666666 0.5605092592592593 0.023598958333333305 0.03725000000000002
2 0.41748958333333336 0.5686203703703704 0.022432291666666635 0.04480555555555565
2 0.367890625 0.5401111111111112 0.025760416666666685 0.037333333333333274
3 0.33520833333333333 0.6214629629629629 0.025098958333333362 0.03324074074074083
5 0.4135 0.6130648148148148 0.02474999999999999 0.03584259259259263
0 0.5204635416666666 0.6345925925925926 0.019911458333333344 0.03924074074074084
4 0.42052604166666663 0.4252222222222222 0.02279687499999999 0.028787037037037066
1 0.5285781249999999 0.47325 0.023265625000000036 0.035398148148148165
2 0.354328125 0.3434537037037037 0.022520833333333337 0.041657407407407414
3 0.29101041666666666 0.6742407407407407 0.028614583333333363 0.03712962962962955
3 0.5401458333333333 0.6354907407407407 0.019536458333333447 0.03747222222222225
0 0.38096875 0.614212962962963 0.025630208333333352 0.03650000000000007
1 0.4787604166666667 0.5333518518518519 0.023104166666666613 0.04211111111111113
2 0.38253125000000004 0.4039814814814815 0.020255208333333385 0.048398148148148135
0 0.4859114583333334 0.42519444444444443 0.027249999999999965 0.03845370370370368
3 0.4070520833333333 0.6448148148148148 0.020760416666666615 0.035037037037036964
2 0.39895833333333336 0.36139814814814814 0.024765624999999975 0.033925925925925915
0 0.49006249999999996 0.3886388888888889 0.016765625000000027 0.03711111111111115
0 0.4739479166666667 0.49476851851851855 0.02637500000000005 0.03190740740740744
4 0.31770312500000003 0.492037037037037 0.02194791666666672 0.0385833333333334
3 0.3444895833333333 0.5868981481481482 0.027947916666666708 0.033444444444444346
2 0.43404166666666666 0.3992962962962963 0.020979166666666653 0.03290740740740737
2 0.45371875 0.46597222222222223 0.02358333333333332 0.03548148148148142
4 0.3359166666666667 0.5184537037037037 0.028932291666666644 0.03617592592592587
1 0.5164583333333334 0.43760185185185185 0.022166666666666637 0.039370370370370354
3 0.3942239583333333 0.47901851851851857 0.027463541666666678 0.03912962962962962
4 0.34144270833333334 0.5528796296296297 0.024697916666666705 0.03041666666666658
2 0.5152760416666667 0.3094166666666667 0.023984374999999978 0.03684259259259256
4 0.321078125 0.5765555555555555 0.020458333333333318 0.037361111111111026
3 0.445953125 0.32672222222222225 0.01996874999999996 0.036388888888888846
3 0.32549479166666667 0.4546574074074074 0.020119791666666723 0.032564814814814776
2 0.4403020833333333 0.49492592592592594 0.021395833333333295 0.03236111111111115
2 0.39454687499999996 0.43896296296296294 0.026937500000000014 0.03604629629629625
4 0.36001041666666667 0.5024814814814814 0.02319270833333332 0.03125
5 0.41592187500000005 0.5005648148148149 0.021671874999999948 0.0349537037037037
0 0.47583854166666667 0.5169166666666667 0.029031250000000005 0.07565740740740744
0 0.38095312499999995 0.614037037037037 0.025515625000000004 0.03780555555555549