5 0.37290104166666665 0.5812962962962962 0.024609375 0.040787037037037
5 0.415515625 0.5005092592592593 0.02136979166666665 0.03502777777777771
5 0.48843229166666663 0.6407222222222222 0.02329166666666668 0.04529629629629636
5 0.4244114583333333 0.3704444444444444 0.025416666666666643 0.027138888888888837
2 0.41321875 0.2946388888888889 0.021562500000000047 0.03580555555555552
1 0.449625 0.3698425925925926 0.021317708333333366 0.04031481481481478
1 0.375828125 0.3505833333333333 0.019723958333333277 0.045518518518518486
1 0.5023385416666667 0.4638240740740741 0.024312500000000032 0.041712962962962924
2 0.497546875 0.2937314814814815 0.022281249999999985 0.04697222222222224
5 0.42839062499999997 0.5266944444444445 0.023312499999999996 0.03724074074074077
3 0.43211979166666664 0.6954907407407407 0.026223958333333287 0.043777777777777756
0 0.40810937500000005 0.39801851851851855 0.028260416666666663 0.04420370370370371
2 0.5194010416666667 0.26558333333333334 0.023666666666666693 0.03640740740740745
5 0.4514270833333333 0.64225 0.021619791666666662 0.04947222222222228
1 0.5005625 0.5135277777777778 0.02116666666666672 0.04961111111111104
0 0.42094270833333336 0.46094444444444443 0.03060937499999999 0.04205555555555552
0 0.46752604166666667 0.29798148148148146 0.02510416666666669 0.03797222222222221
5 0.4366145833333333 0.44286111111111115 0.02091666666666671 0.030824074074074042
1 0.46984895833333334 0.3907314814814815 0.022072916666666723 0.03982407407407407
3 0.46078645833333337 0.690037037037037 0.020656250000000043 0.038648148148148154
5 0.3428020833333333 0.43550925925925926 0.022265625 0.03260185185185189
3 0.40443229166666667 0.6867314814814814 0.030697916666666696 0.04229629629629635
5 0.4822239583333333 0.6848703703703704 0.022625000000000027 0.03610185185185186
2 0.5330729166666667 0.34432407407407406 0.024765625000000093 0.04115740740740745
4 0.29466145833333335 0.33516666666666667 0.022671874999999987 0.03992592592592593
5 0.39572916666666663 0.5796018518518519 0.019380208333333353 0.04324074074074078
5 0.361390625 0.38778703703703704 0.02808333333333337 0.04417592592592596
0 0.5102916666666667 0.5951574074074074 0.025729166666666713 0.039055555555555614
3 0.38341145833333334 0.5142777777777777 0.022958333333333296 0.04025000000000002
4 0.4862916666666666 0.3554629629629629 0.023770833333333387 0.03380555555555555
4 0.2901302083333333 0.6047037037037037 0.024463541666666682 0.04061111111111102
0 0.38096875 0.6142685185185185 0.025390625 0.03680555555555556
3 0.5324166666666666 0.6928148148148148 0.02342708333333334 0.04038888888888879
3 0.42984374999999997 0.6495462962962962 0.022406249999999992 0.044398148148148193
3 0.330765625 0.3154537037037037 0.02503124999999997 0.03043518518518519
0 0.45309895833333336 0.5283796296296296 0.024947916666666715 0.03698148148148153
0 0.45358333333333334 0.42209259259259263 0.023208333333333307 0.043046296296296305
4 0.29627604166666666 0.4813055555555555 0.020583333333333325 0.0418518518518519
2 0.30722916666666666 0.5270462962962963 0.02592187499999999 0.04065740740740748
0 0.36700520833333333 0.4346203703703704 0.023406250000000028 0.03724074074074077
2 0.43497916666666664 0.6005925925925926 0.023729166666666638 0.046694444444444504
3 0.331109375 0.4026574074074074 0.022307291666666628 0.039092592592592616
0 0.4777760416666667 0.5769351851851852 0.02733854166666667 0.045111111111111137
3 0.3891666666666667 0.6611851851851852 0.019859375000000058 0.03916666666666663
2 0.3675729166666667 0.5400277777777778 0.026260416666666706 0.03730555555555552
2 0.41740625 0.568925925925926 0.022421874999999977 0.04492592592592591
3 0.401546875 0.3269074074074074 0.02634374999999996 0.03208333333333331
0 0.44141145833333334 0.5607407407407408 0.023604166666666634 0.03687037037037031
0 0.4045833333333333 0.5371018518518519 0.021546874999999945 0.03955555555555558
3 0.3101510416666667 0.4259907407407407 0.023062499999999986 0.0444537037037037
0 0.3685677083333333 0.4727962962962963 0.021140624999999958 0.03682407407407406
4 0.3040572916666667 0.38030555555555556 0.019442708333333295 0.039388888888888855
4 0.342609375 0.47665740740740736 0.02681770833333334 0.04056481481481476
3 0.2912604166666667 0.6743148148148148 0.028364583333333353 0.03749074074074075
3 0.5403333333333333 0.6357592592592592 0.019140625 0.03754629629629625
2 0.3541666666666667 0.34341666666666665 0.022645833333333344 0.041666666666666664
3 0.335265625 0.6215740740740741 0.02520833333333338 0.03282407407407412
2 0.38209375 0.4039537037037037 0.020078124999999978 0.04879629629629634
4 0.331765625 0.35898148148148146 0.024484374999999996 0.039870370370370424
1 0.5174114583333334 0.439 0.021718750000000023 0.040027777777777794
2 0.3980885416666667 0.3618981481481482 0.024276041666666616 0.033953703703703667
2 0.5131979166666667 0.39921296296296294 0.02428645833333339 0.03959259259259258
4 0.29970312499999996 0.5630370370370371 0.02529166666666664 0.03296296296296288
0 0.4771822916666667 0.46231481481481485 0.02311458333333339 0.040842592592592604
3 0.447796875 0.3253240740740741 0.02136979166666665 0.03494444444444445
3 0.39408333333333334 0.47926851851851854 0.026968749999999986 0.03890740740740739
0 0.4917708333333334 0.3885648148148148 0.01909895833333337 0.036759259259259304
4 0.335671875 0.5184074074074074 0.028281249999999977 0.03665740740740733
2 0.45328124999999997 0.46559259259259256 0.023885416666666614 0.035240740740740795
4 0.5077864583333334 0.35788888888888887 0.01938541666666668 0.032305555555555546
4 0.42019270833333333 0.42488888888888887 0.022671874999999987 0.028675925925925952
3 0.344453125 0.5870000000000001 0.028036458333333295 0.03329629629629633
0 0.48554166666666665 0.4269074074074074 0.02681770833333334 0.03866666666666666
2 0.394265625 0.43849074074074074 0.02692708333333336 0.036
3 0.40727083333333336 0.645287037037037 0.020885416666666618 0.0349351851851852
4 0.32097916666666665 0.5764259259259259 0.020833333333333332 0.03727777777777777
0 0.520609375 0.6350833333333333 0.019979166666666614 0.039398148148148106
2 0.43404166666666666 0.39937962962962964 0.020895833333333277 0.03168518518518521
1 0.478640625 0.5348055555555555 0.023703124999999995 0.040064814814814796
1 0.5284895833333334 0.4755277777777778 0.022744791666666705 0.03550925925925918
4 0.36004166666666665 0.5019537037037037 0.022848958333333277 0.031972222222222194
4 0.3414270833333333 0.5527500000000001 0.024739583333333332 0.03050000000000005
0 0.4755625 0.5177962962962963 0.029494791666666725 0.07365740740740737
5 0.413390625 0.6130925925925926 0.02518229166666662 0.03586111111111113
3 0.32464583333333336 0.4543425925925926 0.020041666666666676 0.0323518518518518
0 0.473328125 0.4961018518518518 0.0257447916666667 0.03176851851851847
2 0.43989062500000004 0.49464814814814817 0.021484375 0.03244444444444441
2 0.5217760416666667 0.3028611111111111 0.021411458333333282 0.036379629629629595
4 0.31668229166666667 0.4923518518518519 0.02474479166666666 0.03891666666666664