3 0.341921875 0.5400277777777778 0.026255208333333377 0.04462037037037042
0 0.38350520833333335 0.679212962962963 0.022562499999999968 0.04653703703703703
0 0.42103125 0.6192777777777778 0.02627083333333336 0.044796296296296396
3 0.44283854166666664 0.5656481481481481 0.018166666666666723 0.04487962962962966
3 0.40504687500000003 0.4941111111111111 0.020401041666666706 0.03554629629629639
0 0.456953125 0.5028055555555555 0.022786458333333332 0.0470925925925925
3 0.37522916666666667 0.49737037037037035 0.01801562499999996 0.041657407407407414
3 0.3029010416666667 0.6089166666666667 0.02119791666666669 0.0463333333333333
5 0.54784375 0.5448888888888889 0.02591666666666678 0.035953703703703634
0 0.36594791666666665 0.6282962962962962 0.024234374999999985 0.05096296296296293
3 0.43566145833333336 0.47799074074074077 0.021208333333333346 0.03547222222222217
5 0.5271145833333333 0.6912962962962963 0.02606770833333343 0.04277777777777782
3 0.43440625 0.43795370370370373 0.02376041666666661 0.034592592592592605
3 0.39625 0.5304074074074074 0.02567187499999998 0.039370370370370354
1 0.462390625 0.6419351851851851 0.023520833333333376 0.038055555555555474
5 0.489109375 0.5163240740740741 0.023416666666666686 0.03918518518518513
5 0.4204375 0.5357685185185185 0.022255208333333342 0.043351851851851794
5 0.5013645833333333 0.5704722222222223 0.02123437499999999 0.03987037037037032
5 0.5059270833333334 0.6078055555555555 0.02809375000000003 0.032731481481481396
3 0.37684375 0.5613888888888888 0.02443750000000004 0.03528703703703694