5 0.3723958333333333 0.58125 0.024567708333333372 0.04096296296296297
5 0.48759375 0.6406851851851852 0.022640625000000015 0.04619444444444454
5 0.41473958333333333 0.500712962962963 0.021145833333333287 0.03513888888888893
0 0.40817708333333336 0.3996018518518518 0.02809375000000003 0.04277777777777782
2 0.49870312499999997 0.29035185185185186 0.02246875000000005 0.046314814814814795
0 0.42073958333333333 0.46223148148148147 0.030588541666666677 0.04149074074074079
3 0.43171875 0.6950740740740741 0.026161458333333342 0.04339814814814805
5 0.4507291666666667 0.6417777777777778 0.021442708333333373 0.04888888888888885
1 0.5025 0.46428703703703705 0.023598958333333305 0.04112962962962959
5 0.42790625000000004 0.5265833333333334 0.02353645833333336 0.037037037037037035
5 0.395171875 0.5794537037037036 0.019229166666666703 0.043046296296296305
1 0.5000677083333334 0.513425925925926 0.021078125000000014 0.04980555555555552
1 0.38350520833333335 0.3486574074074074 0.01854687499999995 0.04465740740740742
3 0.46057812499999995 0.6895740740740741 0.020302083333333342 0.038120370370370436
3 0.53228125 0.692212962962963 0.023265625000000036 0.040064814814814796
0 0.5096197916666667 0.5942870370370371 0.02616666666666667 0.03836111111111117
5 0.4819322916666666 0.6840277777777778 0.02245312499999995 0.03561111111111114
2 0.519859375 0.2664814814814815 0.0234739583333333 0.036861111111111164
1 0.449984375 0.3705555555555555 0.02169270833333338 0.039796296296296316
0 0.38056249999999997 0.6141574074074073 0.025239583333333353 0.03615740740740737
3 0.396421875 0.2996388888888889 0.02780208333333339 0.0334351851851852
5 0.436640625 0.4438333333333333 0.021041666666666715 0.031166666666666638
2 0.5339479166666667 0.3446574074074074 0.024343749999999886 0.04013888888888891
3 0.3828125 0.5143703703703704 0.02276562500000002 0.03988888888888882
0 0.45373437499999997 0.42262962962962963 0.022942708333333308 0.04296296296296294
5 0.3621302083333333 0.3900092592592592 0.027427083333333376 0.043842592592592614
3 0.40441145833333336 0.6857314814814816 0.029895833333333382 0.04212037037037038
3 0.4292916666666667 0.6485925925925926 0.021994791666666676 0.04514814814814814
0 0.368 0.43477777777777776 0.02244791666666662 0.039527777777777724
4 0.28934374999999996 0.6047685185185185 0.02390104166666672 0.04091666666666672
5 0.4250416666666667 0.37227777777777776 0.02518749999999995 0.026064814814814794
4 0.4868229166666667 0.35600000000000004 0.024348958333333334 0.03451851851851849
2 0.3067239583333333 0.5266574074074074 0.025906250000000006 0.04019444444444452
3 0.5394322916666667 0.6352777777777778 0.01875 0.03831481481481491
4 0.29891666666666666 0.5634722222222222 0.024906249999999967 0.033481481481481556
4 0.29584375 0.481537037037037 0.02049479166666662 0.041037037037036976
2 0.40236979166666664 0.3618425925925926 0.02227083333333333 0.036064814814814855
3 0.3551458333333333 0.3036574074074074 0.024609375 0.030499999999999944
4 0.3324010416666667 0.3774351851851852 0.024630208333333313 0.04129629629629632
3 0.4598072916666667 0.33287037037037037 0.02247395833333338 0.03437037037037038
2 0.4168125 0.5690555555555556 0.022489583333333365 0.04463888888888892
3 0.38893229166666665 0.6610185185185184 0.020197916666666652 0.03946296296296286
5 0.3447604166666667 0.4365833333333333 0.02180208333333328 0.03219444444444443
2 0.43374999999999997 0.6001481481481481 0.023250000000000052 0.047370370370370445
0 0.3685833333333333 0.4735277777777778 0.02059895833333331 0.036953703703703676
4 0.34234375 0.47751851851851856 0.02719791666666668 0.03986111111111107
2 0.36342708333333335 0.34397222222222223 0.020369791666666616 0.04160185185185181
3 0.3342395833333333 0.6206111111111111 0.02517708333333329 0.03349074074074081
2 0.5218854166666667 0.30450925925925926 0.023177083333333334 0.037842592592592594
0 0.45269791666666664 0.5283611111111111 0.024869791666666665 0.036796296296296306
4 0.30938020833333335 0.38458333333333333 0.020869791666666634 0.034990740740740704
0 0.47678125 0.5762777777777778 0.027213541666666667 0.045731481481481574
1 0.5285104166666666 0.4759629629629629 0.02237500000000002 0.03554629629629639
2 0.3668645833333333 0.5401944444444444 0.02575000000000003 0.03794444444444446
0 0.5198697916666667 0.6345277777777777 0.019546874999999984 0.039490740740740826
0 0.48596354166666667 0.427462962962963 0.02702083333333339 0.03777777777777774
0 0.4407552083333333 0.5603796296296296 0.023729166666666638 0.03634259259259259
3 0.29080208333333335 0.6737314814814814 0.028463541666666713 0.03692592592592603
4 0.42069791666666667 0.42577777777777776 0.022984375000000057 0.0286666666666667
2 0.38245312499999995 0.40364814814814814 0.019932291666666657 0.04941666666666667
3 0.3251041666666667 0.4178425925925926 0.022703124999999956 0.0371203703703704
0 0.47702083333333334 0.4628611111111111 0.02296874999999995 0.03986111111111107
0 0.4926875 0.3897037037037037 0.019145833333333327 0.03492592592592595
0 0.4037239583333333 0.5367962962962963 0.021499999999999984 0.03893518518518514
4 0.5085989583333334 0.35857407407407405 0.019546874999999984 0.032555555555555525
1 0.5178072916666667 0.4393888888888889 0.021312500000000036 0.03943518518518521
2 0.5138020833333333 0.3995462962962963 0.02387499999999996 0.040212962962962916
4 0.31701041666666663 0.49256481481481484 0.02213020833333334 0.03824999999999995
2 0.45316666666666666 0.46552777777777776 0.02415104166666661 0.03478703703703698
3 0.30151041666666667 0.4216388888888889 0.023697916666666666 0.04106481481481484
4 0.3204166666666667 0.5765648148148149 0.020437500000000004 0.03654629629629632
3 0.40669791666666666 0.6445277777777778 0.020390625000000048 0.03466666666666672
2 0.4339791666666667 0.3998333333333333 0.020692708333333344 0.032129629629629675
3 0.3437135416666666 0.5867685185185185 0.02822395833333336 0.033120370370370356
4 0.33521875 0.5186666666666666 0.02882812499999995 0.03543518518518517
3 0.325125 0.4553888888888889 0.020364583333333287 0.032296296296296295
4 0.34075520833333334 0.5530462962962963 0.024833333333333367 0.03090740740740751
3 0.3939375 0.47950000000000004 0.027078125000000005 0.0382777777777777
2 0.39457291666666666 0.4398518518518519 0.027671875000000058 0.03487037037037034
0 0.4750416666666667 0.5181851851851852 0.028645833333333332 0.07240740740740745
1 0.47821354166666663 0.5347037037037037 0.023052083333333327 0.040064814814814796
5 0.41236979166666665 0.6126944444444444 0.026072916666666637 0.03651851851851857
4 0.35960416666666667 0.5025462962962963 0.022848958333333277 0.030629629629629562
2 0.44005729166666663 0.49437037037037035 0.020999999999999967 0.03349074074074081
1 0.47032291666666665 0.39225925925925925 0.022854166666666724 0.038981481481481506