5 0.37308854166666666 0.5815555555555556 0.024343750000000004 0.04115740740740745
5 0.4881041666666667 0.6409166666666667 0.02279166666666666 0.04621296296296304
0 0.4209114583333333 0.46175925925925926 0.030953125000000033 0.04199074074074076
1 0.381125 0.34700925925925924 0.022036458333333304 0.043046296296296305
2 0.4983697916666667 0.28956481481481483 0.02276562500000002 0.04644444444444441
5 0.42839062499999997 0.5266203703703703 0.023489583333333286 0.03752777777777775
0 0.4074427083333333 0.40096296296296297 0.027723958333333344 0.04241666666666672
5 0.4511927083333333 0.6423981481481481 0.021395833333333295 0.04985185185185178
1 0.502578125 0.4643055555555555 0.024036458333333382 0.04105555555555559
5 0.42453645833333337 0.3721481481481482 0.024828125000000038 0.026074074074074045
3 0.43195833333333333 0.6955740740740741 0.025947916666666633 0.04352777777777777
1 0.50065625 0.5136666666666666 0.021151041666666613 0.0492592592592593
5 0.4819270833333333 0.6844907407407408 0.022296874999999973 0.03632407407407409
4 0.4865052083333333 0.3553611111111111 0.024249999999999973 0.033750000000000044
3 0.4606145833333333 0.6902685185185186 0.020677083333333356 0.038064814814814725
5 0.395640625 0.5798425925925926 0.019291666666666648 0.044111111111111205
0 0.38109895833333335 0.6147870370370371 0.025520833333333333 0.03725000000000002
1 0.46991666666666665 0.3904444444444444 0.022296874999999973 0.039518518518518474
0 0.510125 0.5950555555555556 0.02596354166666662 0.039083333333333366
3 0.532125 0.6927222222222222 0.023307291666666667 0.04011111111111105
2 0.519390625 0.26614814814814813 0.023593749999999976 0.036351851851851844
5 0.43660937499999997 0.44310185185185186 0.020687500000000015 0.0308703703703704
3 0.40424479166666666 0.6866851851851852 0.030885416666666644 0.04213888888888888
5 0.3616979166666667 0.3882037037037037 0.02602083333333335 0.04656481481481478
0 0.45340104166666667 0.4223148148148148 0.022989583333333386 0.0430092592592593
4 0.2900104166666667 0.6051018518518518 0.024161458333333385 0.04117592592592595
2 0.3585520833333333 0.3460370370370371 0.023604166666666634 0.03763888888888887
0 0.45311979166666666 0.5281759259259259 0.024489583333333325 0.03700925925925928
2 0.5334166666666668 0.3443425925925926 0.024406250000000067 0.04043518518518515
0 0.36808854166666666 0.4348148148148148 0.022734375000000046 0.039379629629629605
3 0.3833229166666667 0.5145648148148149 0.022598958333333384 0.03965740740740734
0 0.3686510416666666 0.47382407407407406 0.020687500000000015 0.03691666666666656
5 0.34475 0.4365925925925926 0.02191666666666663 0.032953703703703735
2 0.3074635416666667 0.5268611111111111 0.026546875000000015 0.04062037037037027
0 0.4776927083333333 0.5768333333333333 0.026828124999999994 0.04587962962962959
0 0.44142187499999996 0.5606759259259259 0.023802083333333356 0.03681481481481481
2 0.4346041666666667 0.6008425925925925 0.02325520833333338 0.04664814814814825
3 0.429640625 0.6494907407407408 0.022328124999999942 0.044435185185185196
3 0.388984375 0.6616481481481482 0.020333333333333314 0.038814814814814885
4 0.296171875 0.48154629629629636 0.02084374999999999 0.041407407407407434
4 0.332078125 0.3768518518518518 0.024203125000000013 0.04153703703703705
3 0.45891145833333336 0.33266666666666667 0.023093749999999958 0.03502777777777782
2 0.41744791666666664 0.5691851851851852 0.022734375000000046 0.04492592592592591
0 0.47704166666666664 0.4626018518518519 0.02291145833333334 0.040435185185185255
1 0.5177395833333333 0.43921296296296297 0.02130729166666671 0.040685185185185234
2 0.36764583333333334 0.5402685185185185 0.02550520833333335 0.03738888888888899
2 0.39921875 0.36341666666666667 0.022385416666666675 0.036879629629629665
3 0.335078125 0.6213425925925925 0.02514583333333332 0.033351851851851834
3 0.39408333333333334 0.4792592592592593 0.02722916666666665 0.038731481481481415
4 0.309109375 0.38428703703703704 0.020963541666666665 0.03524074074074069
3 0.2908385416666667 0.6743611111111111 0.028380208333333337 0.03698148148148153
5 0.41308333333333336 0.6132685185185186 0.02556770833333329 0.03640740740740735
4 0.42051041666666666 0.42537962962962966 0.023557291666666678 0.029000000000000047
0 0.4920208333333333 0.38834259259259263 0.01995312499999997 0.035944444444444494
3 0.5400677083333334 0.6356759259259259 0.01898958333333335 0.03749074074074075
2 0.5134114583333333 0.3989537037037037 0.02396354166666666 0.039629629629629584
2 0.38203645833333333 0.40249074074074076 0.019760416666666693 0.04949074074074078
4 0.34265625 0.47744444444444445 0.02713020833333329 0.039787037037037065
0 0.5204479166666667 0.6350462962962963 0.019666666666666662 0.03964814814814809
3 0.3251145833333334 0.4175185185185185 0.02280208333333332 0.037185185185185154
4 0.29957291666666663 0.5635925925925925 0.024937500000000057 0.033388888888888836
0 0.48566145833333335 0.42693518518518514 0.026749999999999947 0.03867592592592591
4 0.5081510416666667 0.35778703703703707 0.019302083333333307 0.03315740740740746
2 0.39438541666666665 0.4393518518518518 0.027015624999999942 0.034749999999999975
3 0.40694270833333335 0.6452037037037037 0.02073437499999997 0.0348981481481482
1 0.478640625 0.5344907407407408 0.02332812499999998 0.040370370370370286
4 0.33559895833333336 0.5191018518518519 0.028640625000000006 0.03615740740740737
1 0.5287864583333334 0.47580555555555554 0.022598958333333266 0.03534259259259266
4 0.3209947916666666 0.5769444444444445 0.020765624999999944 0.03664814814814808
3 0.34435937499999997 0.5871203703703703 0.028500000000000015 0.03314814814814811
3 0.301265625 0.4216944444444444 0.02354166666666669 0.041564814814814804
0 0.4044166666666667 0.5369722222222222 0.0215208333333333 0.038999999999999896
2 0.4335364583333333 0.39996296296296296 0.02176562499999998 0.032250000000000036
2 0.4532447916666667 0.46557407407407414 0.024374999999999977 0.03543518518518517
1 0.4495052083333333 0.37037037037037035 0.021416666666666608 0.03901851851851851
3 0.32509374999999996 0.45528703703703705 0.020442708333333334 0.031870370370370334
4 0.317125 0.49193518518518514 0.02215624999999998 0.03849999999999993
0 0.473578125 0.49619444444444444 0.025984375000000053 0.03194444444444444
4 0.36005208333333333 0.5029444444444444 0.022843749999999947 0.03138888888888897
5 0.41538020833333333 0.5016388888888889 0.02180729166666661 0.035074074074074174
2 0.5218020833333333 0.3035277777777778 0.023312499999999996 0.03657407407407407
2 0.440890625 0.4949074074074074 0.019656250000000004 0.03250925925925917
4 0.3423802083333333 0.5538240740740741 0.026510416666666713 0.03331481481481483