5 0.4880364583333333 0.6405833333333334 0.022828124999999963 0.04590740740740734
5 0.37277604166666667 0.5813518518518519 0.024557291666666713 0.04085185185185175
1 0.38140104166666666 0.3478796296296296 0.022390625000000004 0.04351851851851852
2 0.49871875 0.29067592592592595 0.022822916666666634 0.04586111111111109
3 0.43200000000000005 0.6952407407407407 0.02617708333333333 0.04350000000000002
5 0.4511614583333333 0.6415648148148148 0.021427083333333385 0.04888888888888885
5 0.4280208333333333 0.5266203703703703 0.023526041666666705 0.03760185185185176
0 0.4205625 0.46245370370370364 0.03124479166666667 0.04115740740740745
0 0.40746875 0.4011388888888889 0.027796874999999943 0.04312962962962967
5 0.3954166666666667 0.5793425925925927 0.019140625 0.043416666666666756
1 0.5023177083333333 0.46439814814814817 0.02410937499999998 0.040861111111111105
1 0.500234375 0.513425925925926 0.02105208333333337 0.04925000000000005
3 0.4607291666666667 0.6895740740740741 0.020661458333333372 0.03837037037037042
2 0.519796875 0.2661203703703704 0.023635416666666725 0.03634259259259259
0 0.3809791666666667 0.6143333333333334 0.02539583333333333 0.03655555555555557
3 0.404609375 0.6861481481481481 0.030458333333333344 0.041990740740740655
5 0.43642187499999996 0.44337037037037036 0.020729166666666642 0.03109259259259263
3 0.38296354166666663 0.5143981481481481 0.02269791666666663 0.03989814814814807
5 0.48210416666666667 0.6842314814814815 0.022406249999999992 0.03624074074074083
5 0.4247760416666667 0.3724722222222222 0.0249635416666667 0.026203703703703663
0 0.5099270833333333 0.5945462962962963 0.02602604166666668 0.03857407407407415
3 0.5323697916666668 0.6921851851851851 0.023359374999999953 0.04032407407407403
2 0.5336458333333333 0.34476851851851853 0.024489583333333325 0.03997222222222219
0 0.453609375 0.42271296296296296 0.023177083333333334 0.043212962962962925
5 0.3616770833333333 0.3885648148148148 0.026197916666666644 0.0463333333333333
4 0.2898020833333333 0.6048425925925927 0.02407291666666668 0.0412037037037037
2 0.3589791666666667 0.3463611111111111 0.023343749999999965 0.03808333333333333
1 0.4496614583333333 0.37102777777777773 0.02159895833333335 0.0404444444444444
1 0.47009895833333337 0.3910925925925926 0.02244791666666662 0.03944444444444446
0 0.4528385416666667 0.5280555555555555 0.024901041666666637 0.03690740740740731
3 0.42951562499999996 0.6488703703703703 0.02222395833333337 0.04428703703703697
4 0.2959479166666667 0.4816944444444445 0.020458333333333318 0.040703703703703735
0 0.368015625 0.43496296296296294 0.022677083333333313 0.039092592592592616
0 0.368578125 0.47364814814814815 0.02059895833333331 0.03666666666666669
5 0.34459375 0.43710185185185185 0.02202083333333332 0.032407407407407406
1 0.51765625 0.4390555555555556 0.021192708333333362 0.03965740740740745
2 0.30690625 0.5265462962962962 0.026395833333333365 0.04021296296296302
4 0.4868229166666667 0.35600000000000004 0.02368750000000001 0.03412037037037039
4 0.331921875 0.3774537037037037 0.02454166666666661 0.041509259259259294
2 0.43445833333333334 0.6002037037037037 0.0230833333333333 0.047333333333333234
2 0.3991197916666666 0.36421296296296296 0.022572916666666623 0.03743518518518514
3 0.38915104166666664 0.661212962962963 0.02017708333333334 0.039490740740740826
3 0.459390625 0.33287037037037037 0.02302083333333336 0.034722222222222224
3 0.3347447916666667 0.6208888888888888 0.02510416666666669 0.033481481481481556
2 0.41703125 0.568712962962963 0.02244791666666662 0.0445092592592592
4 0.3423333333333333 0.47734259259259254 0.02714062499999995 0.04020370370370377
2 0.36721354166666664 0.5401481481481482 0.025911458333333335 0.038083333333333434
0 0.47723958333333333 0.576287037037037 0.02703125000000005 0.0455925925925926
3 0.29105729166666666 0.6739351851851852 0.02834375000000004 0.03722222222222227
4 0.30906249999999996 0.3846111111111111 0.02091145833333338 0.0349351851851852
0 0.441015625 0.5603333333333333 0.023661458333333368 0.03692592592592603
0 0.47670833333333335 0.4628425925925926 0.02280729166666665 0.03992592592592582
3 0.3250416666666667 0.41758333333333336 0.02236458333333336 0.037092592592592545
0 0.5202291666666666 0.6346481481481481 0.019703124999999964 0.039472222222222325
4 0.299234375 0.5634629629629629 0.024947916666666715 0.03299074074074084
2 0.38210416666666663 0.4029722222222222 0.019593749999999945 0.05010185185185186
4 0.4200989583333333 0.4258425925925926 0.02315104166666669 0.02824074074074074
0 0.485546875 0.42729629629629634 0.02666666666666669 0.03846296296296293
2 0.513421875 0.3993055555555556 0.0238645833333333 0.03958333333333333
0 0.4921041666666667 0.389212962962963 0.01938541666666668 0.034879629629629594
0 0.403984375 0.5367592592592593 0.02158854166666669 0.03889814814814814
4 0.32065625 0.5763981481481482 0.02060416666666664 0.03738888888888899
3 0.40703125 0.6447407407407408 0.020536458333333365 0.03520370370370369
4 0.33539583333333334 0.5186203703703703 0.028598958333333376 0.03546296296296292
3 0.3013125 0.4219351851851852 0.02385937499999997 0.04123148148148146
4 0.508390625 0.35868518518518516 0.01939062500000001 0.03275925925925925
4 0.31730729166666666 0.4923240740740741 0.02177083333333331 0.03837962962962967
2 0.43345833333333333 0.40048148148148144 0.02158333333333336 0.03267592592592589
3 0.34417187499999996 0.5868425925925925 0.028515625 0.03319444444444436
2 0.45297916666666665 0.4654722222222222 0.02429166666666672 0.03487037037037034
3 0.539953125 0.6353796296296297 0.019192708333333287 0.03764814814814822
3 0.32499479166666667 0.45505555555555555 0.02020833333333331 0.03298148148148149
2 0.394265625 0.44033333333333335 0.026848958333333308 0.03428703703703701
3 0.3938802083333333 0.4793611111111111 0.02680729166666668 0.038037037037036966
1 0.528484375 0.47600000000000003 0.022593750000000058 0.03524999999999994
4 0.3409739583333333 0.5526944444444444 0.025317708333333282 0.03090740740740751
2 0.521828125 0.30426851851851855 0.023062499999999986 0.03830555555555556
1 0.4784479166666667 0.5345833333333333 0.02326041666666671 0.04026851851851853
4 0.35971354166666664 0.5027962962962963 0.02297916666666661 0.03125925925925925
0 0.47286979166666665 0.49636111111111114 0.025994791666666708 0.03222222222222218
5 0.41298958333333335 0.612537037037037 0.025546874999999976 0.036351851851851844
2 0.44017708333333333 0.49529629629629623 0.02070833333333333 0.03195370370370369
5 0.41360416666666666 0.5011944444444444 0.02227083333333333 0.0382037037037037