1 0.47265625 0.3970277777777778 0.023916666666666704 0.04175000000000003
1 0.45085416666666667 0.3784074074074074 0.020937500000000022 0.043064814814814806
5 0.48864062500000005 0.6405555555555555 0.02325520833333338 0.04582407407407408
5 0.37326041666666665 0.5815092592592592 0.024583333333333356 0.041694444444444416
5 0.4153541666666667 0.501074074074074 0.021322916666666695 0.035777777777777874
1 0.38074479166666664 0.3475833333333333 0.021348958333333338 0.0459351851851852
5 0.45161979166666666 0.6417962962962963 0.02147916666666667 0.049000000000000064
0 0.40508854166666663 0.40108333333333335 0.026421875000000008 0.042481481481481474
0 0.420765625 0.46115740740740746 0.03060416666666666 0.04030555555555553
2 0.49821875000000004 0.2907222222222222 0.02286458333333338 0.04800925925925928
5 0.42863541666666666 0.5266388888888889 0.02342708333333334 0.03725925925925927
0 0.510390625 0.5946018518518518 0.02606249999999998 0.03919444444444438
5 0.48227604166666665 0.6842962962962963 0.022609375000000043 0.036074074074074106
1 0.502109375 0.4643703703703704 0.02385937499999997 0.04282407407407408
2 0.5191458333333333 0.26572222222222225 0.02358333333333332 0.03643518518518521
3 0.43215625 0.6955 0.02613020833333337 0.04323148148148153
5 0.43646875 0.4436111111111111 0.021286458333333275 0.0313055555555555
3 0.5325416666666667 0.6927407407407407 0.023270833333333248 0.04073148148148149
2 0.5329114583333333 0.34343518518518523 0.02516666666666675 0.039370370370370354
3 0.4608177083333333 0.68975 0.020864583333333304 0.03819444444444445
0 0.45422395833333334 0.4237962962962963 0.02238020833333335 0.04393518518518523
3 0.3832083333333333 0.5148148148148148 0.022838541666666618 0.04020370370370377
1 0.5006406250000001 0.5134537037037037 0.021187500000000033 0.04966666666666676
4 0.2900885416666667 0.6043703703703704 0.024041666666666708 0.040740740740740744
2 0.35877604166666666 0.3457222222222222 0.02311458333333339 0.03872222222222227
5 0.3604010416666667 0.38915740740740745 0.026307291666666663 0.04487962962962966
5 0.3959114583333333 0.5793518518518519 0.019333333333333275 0.04375
3 0.40467708333333335 0.6866111111111111 0.031114583333333338 0.04247222222222212
2 0.4349739583333333 0.6002962962962963 0.02364583333333338 0.047046296296296246
0 0.36759895833333334 0.43436111111111114 0.02302083333333336 0.04022222222222227
0 0.4779427083333333 0.5766481481481481 0.026760416666666724 0.04581481481481483
1 0.528921875 0.4765185185185185 0.022562500000000086 0.03544444444444442
0 0.3687447916666667 0.4728611111111111 0.020859374999999975 0.03738888888888888
0 0.48723958333333334 0.42687037037037034 0.027479166666666662 0.03803703703703708
2 0.30741145833333333 0.5271666666666667 0.026619791666666615 0.04041666666666675
0 0.44159375 0.5605277777777777 0.023609374999999964 0.036787037037037056
5 0.344453125 0.43699074074074074 0.02194270833333339 0.03260185185185189
3 0.43004166666666666 0.6495092592592593 0.02237500000000002 0.045009259259259166
4 0.49519270833333334 0.3426388888888889 0.019260416666666676 0.03900000000000001
2 0.36748437500000003 0.5402962962962963 0.025791666666666657 0.03831481481481491
4 0.3426197916666667 0.4774629629629629 0.027364583333333314 0.04061111111111102
5 0.42392708333333334 0.3761759259259259 0.024140624999999954 0.027462962962962932
3 0.38921875 0.661037037037037 0.01995312499999997 0.03925925925925934
4 0.33160937500000004 0.3768611111111111 0.024812500000000053 0.0412037037037037
2 0.4175989583333333 0.5687685185185185 0.02236458333333336 0.04476851851851844
0 0.4774791666666667 0.4625370370370371 0.02343229166666667 0.04102777777777783
4 0.29990104166666665 0.5632499999999999 0.025203125000000052 0.03300000000000009
0 0.5207760416666667 0.6346666666666667 0.020041666666666676 0.03963888888888884
4 0.30889062500000003 0.3844444444444444 0.021213541666666676 0.03502777777777782
2 0.39959895833333337 0.3626666666666667 0.022838541666666618 0.03716666666666665
3 0.5404583333333334 0.6353981481481482 0.01890104166666665 0.03754629629629625
2 0.45354687499999996 0.4666666666666667 0.024197916666666687 0.03446296296296299
1 0.5179270833333333 0.4396388888888889 0.021109374999999986 0.040851851851851854
4 0.41730208333333335 0.4262314814814815 0.0207395833333333 0.02842592592592597
3 0.32480729166666666 0.41762037037037036 0.022395833333333334 0.03726851851851852
2 0.43374479166666663 0.40605555555555556 0.021010416666666625 0.03210185185185181
3 0.33551562500000004 0.6213611111111111 0.025223958333333366 0.03298148148148138
0 0.40461458333333333 0.5369259259259259 0.02134375000000001 0.03903703703703711
2 0.38074479166666664 0.4025648148148148 0.018875000000000006 0.051120370370370406
3 0.29131250000000003 0.6739537037037037 0.02831249999999995 0.03694444444444453
3 0.3007604166666667 0.4220185185185185 0.02326041666666671 0.04170370370370367
4 0.3357291666666667 0.5190648148148148 0.028812499999999967 0.03602777777777785
2 0.39382291666666663 0.4405 0.02638020833333338 0.03430555555555551
2 0.5146614583333333 0.3986388888888889 0.024619791666666658 0.04105555555555559
4 0.5098697916666667 0.36137962962962966 0.01921875000000005 0.030481481481481443
4 0.32120312500000003 0.5770092592592592 0.021031250000000057 0.03651851851851857
4 0.29609375 0.4815277777777777 0.02069791666666667 0.04097222222222222
0 0.4937447916666667 0.38843518518518516 0.016276041666666668 0.039379629629629605
3 0.34470833333333334 0.5870833333333333 0.028140624999999985 0.0327499999999999
3 0.40732291666666665 0.6449907407407408 0.020687500000000015 0.03477777777777773
4 0.31725 0.4921388888888889 0.02227083333333333 0.03833333333333342
1 0.4788645833333333 0.5344814814814814 0.023135416666666703 0.040379629629629536
3 0.3250416666666667 0.4552685185185185 0.020192708333333323 0.031879629629629584
0 0.381421875 0.6143240740740741 0.025546874999999976 0.03712962962962955
4 0.3416770833333333 0.5531944444444444 0.024578125000000027 0.030648148148148063
3 0.3939114583333333 0.4795277777777778 0.026734374999999963 0.03787962962962971
0 0.47572916666666665 0.5179444444444444 0.029244791666666714 0.07331481481481487
4 0.35997916666666663 0.50275 0.022812499999999975 0.030453703703703795
5 0.41359375000000004 0.6128055555555556 0.02524479166666668 0.03587962962962963
2 0.5214114583333334 0.30317592592592596 0.021515624999999972 0.037685185185185224
2 0.44031770833333334 0.4953055555555555 0.019270833333333334 0.035972222222222135
0 0.452359375 0.528425925925926 0.025369791666666686 0.039398148148148106