5 0.41551041666666666 0.5004166666666667 0.021510416666666643 0.03494444444444445
1 0.47255729166666666 0.3970185185185185 0.02396874999999999 0.0412037037037037
5 0.3728802083333333 0.5815925925925925 0.02518749999999995 0.042009259259259156
0 0.42128645833333334 0.4616296296296296 0.030276041666666722 0.04316666666666667
5 0.48847395833333335 0.6402685185185185 0.023380208333333385 0.045703703703703615
3 0.4322552083333333 0.6955833333333333 0.026093749999999954 0.04355555555555552
5 0.42470312499999996 0.3715833333333333 0.02408333333333334 0.028777777777777815
2 0.49828645833333335 0.29082407407407407 0.022718749999999944 0.04747222222222221
5 0.4517864583333333 0.6416203703703705 0.02138020833333331 0.0492407407407408
1 0.45142187500000003 0.3739722222222222 0.02113541666666663 0.043712962962962995
0 0.4070729166666667 0.3982777777777778 0.027072916666666676 0.042648148148148095
2 0.5193177083333333 0.2661203703703704 0.02361979166666662 0.037046296296296286
5 0.4283489583333333 0.5267685185185185 0.023499999999999945 0.03698148148148153
3 0.532671875 0.6926851851851852 0.023312500000000114 0.04093518518518522
3 0.46079166666666665 0.6893518518518519 0.020661458333333372 0.0386203703703704
3 0.404828125 0.68625 0.031234375000000016 0.04262037037037034
1 0.5003958333333334 0.5134722222222222 0.021187500000000033 0.04992592592592599
0 0.5103125 0.594462962962963 0.02610416666666661 0.03889814814814814
2 0.39967708333333335 0.361 0.023067708333333315 0.03575000000000001
5 0.4821666666666667 0.6841296296296296 0.02286979166666671 0.03623148148148158
3 0.3832083333333333 0.5167592592592593 0.023557291666666678 0.03849074074074068
1 0.3753489583333333 0.3137962962962963 0.022989583333333386 0.043777777777777756
0 0.38172395833333334 0.6144351851851853 0.025447916666666615 0.03695370370370378
5 0.36111458333333335 0.41253703703703704 0.024442708333333365 0.039898148148148176
0 0.3736041666666667 0.4428333333333333 0.018973958333333367 0.04309259259259256
3 0.42984374999999997 0.6495185185185185 0.022593750000000058 0.04464814814814817
5 0.4369895833333333 0.4444722222222222 0.02091145833333338 0.03136111111111112
2 0.53315625 0.34426851851851853 0.02518229166666662 0.03926851851851849
4 0.34189062499999995 0.38902777777777775 0.024598958333333344 0.04147222222222219
5 0.395796875 0.5795648148148148 0.01928124999999999 0.04527777777777786
2 0.30675520833333336 0.5286111111111111 0.02634374999999996 0.039055555555555614
4 0.495265625 0.3424907407407407 0.01910937500000003 0.037749999999999985
4 0.2902552083333333 0.605 0.02474479166666666 0.04038888888888879
4 0.29511458333333335 0.4806203703703704 0.02104687500000004 0.04162037037037041
2 0.43473958333333335 0.6003055555555556 0.023593749999999976 0.04675000000000001
5 0.3452604166666667 0.44117592592592597 0.02169270833333338 0.0348981481481482
0 0.45414583333333336 0.42387037037037034 0.022942708333333308 0.043722222222222246
1 0.50221875 0.46396296296296297 0.024036458333333382 0.04245370370370372
2 0.41744270833333336 0.5687592592592593 0.022395833333333334 0.044398148148148193
0 0.477703125 0.576324074074074 0.0269895833333333 0.046037037037037064
3 0.38909374999999996 0.6612685185185185 0.020041666666666676 0.03976851851851856
0 0.45319791666666664 0.5282037037037037 0.02514062499999999 0.03763888888888897
1 0.52884375 0.4762777777777778 0.022614583333333372 0.035694444444444404
4 0.3422291666666667 0.4799537037037037 0.027364583333333314 0.0386203703703704
0 0.4413489583333333 0.5603888888888889 0.02365625000000004 0.03623148148148158
4 0.2990729166666667 0.5645 0.024979166666666684 0.03290740740740737
3 0.29863541666666665 0.4089351851851852 0.02766145833333328 0.036870370370370414
3 0.3353802083333333 0.6214074074074074 0.025484375000000035 0.03287962962962962
4 0.4211354166666667 0.4239351851851852 0.02254166666666665 0.029583333333333375
1 0.5177083333333333 0.43969444444444444 0.021515624999999972 0.04062962962962963
2 0.38292708333333336 0.40425925925925926 0.017885416666666622 0.0477962962962963
3 0.29130729166666663 0.6738703703703703 0.028427083333333294 0.037092592592592545
2 0.36797916666666663 0.5437777777777778 0.026145833333333358 0.0348796296296297
4 0.3073802083333333 0.3742314814814815 0.023302083333333338 0.031555555555555594
2 0.45327083333333335 0.4668518518518518 0.023598958333333305 0.03469444444444447
4 0.33510416666666665 0.5195648148148148 0.027541666666666725 0.03591666666666663
0 0.477484375 0.46245370370370376 0.02355208333333335 0.04147222222222219
0 0.520640625 0.6347407407407407 0.01988020833333337 0.03950000000000008
2 0.5146979166666666 0.3989537037037037 0.024338541666666675 0.041500000000000044
4 0.5097343750000001 0.3614351851851852 0.01935416666666671 0.030694444444444424
3 0.32446875000000003 0.4209351851851852 0.023140625000000033 0.03740740740740739
3 0.32526041666666666 0.45758333333333334 0.020374999999999942 0.03170370370370371
2 0.39677604166666663 0.43945370370370374 0.02585416666666672 0.03651851851851857
0 0.48693229166666663 0.42719444444444443 0.027114583333333307 0.03816666666666669
0 0.36853125000000003 0.48253703703703704 0.02053125000000004 0.03393518518518527
1 0.47858854166666664 0.5343981481481481 0.02332291666666665 0.04083333333333325
2 0.43456770833333336 0.4008333333333333 0.020802083333333363 0.030620370370370416
4 0.321125 0.576787037037037 0.021223958333333334 0.03625000000000008
3 0.3446770833333333 0.5872592592592593 0.02805729166666661 0.03314814814814811
0 0.40466145833333333 0.5369444444444444 0.02106770833333336 0.03895370370370364
3 0.39419791666666665 0.48104629629629625 0.027406249999999945 0.03920370370370363
4 0.31616666666666665 0.49377777777777776 0.0222291666666667 0.038703703703703664
0 0.493921875 0.38873148148148146 0.01647916666666672 0.03893518518518514
4 0.34164583333333337 0.5524351851851852 0.024906249999999967 0.03104629629629627
4 0.35952083333333335 0.5085092592592593 0.020999999999999967 0.03316666666666661
0 0.47333333333333333 0.4962407407407408 0.02603645833333334 0.03094444444444451
3 0.4072135416666667 0.6446296296296297 0.02042187500000002 0.03437962962962973
2 0.521296875 0.3036851851851852 0.02344791666666666 0.0382407407407407
3 0.5404739583333333 0.6351666666666667 0.019010416666666665 0.037333333333333274
5 0.4132395833333333 0.6125277777777778 0.025765625000000014 0.036768518518518555
0 0.4754322916666667 0.517462962962963 0.029369791666666718 0.0738425925925926
5 0.4368697916666667 0.4441574074074074 0.020479166666666635 0.03203703703703706
2 0.43954166666666666 0.495212962962963 0.01971354166666662 0.03253703703703713