0 0.421171875 0.46225925925925926 0.031156249999999965 0.04162962962962966
1 0.45126041666666666 0.37669444444444444 0.02119791666666669 0.04497222222222227
5 0.37290625 0.5811666666666666 0.0250364583333333 0.041740740740740676
5 0.48857291666666663 0.6401666666666667 0.02322395833333329 0.04592592592592584
2 0.49834375000000003 0.2909537037037037 0.022812499999999975 0.04691666666666663
5 0.4283489583333333 0.5265740740740741 0.023692708333333336 0.037037037037037035
5 0.42609895833333333 0.37239814814814814 0.025265624999999996 0.026870370370370354
2 0.40165625 0.36314814814814816 0.02297916666666661 0.03570370370370376
5 0.41530208333333335 0.5003796296296296 0.021677083333333277 0.03450925925925924
2 0.5193489583333333 0.26637962962962963 0.02333333333333331 0.03644444444444446
1 0.472140625 0.39652777777777776 0.023770833333333387 0.040462962962963006
0 0.408609375 0.4007222222222222 0.027791666666666614 0.0430092592592593
3 0.43244791666666665 0.6954166666666666 0.02582812499999996 0.04381481481481476
5 0.45169791666666664 0.6414629629629629 0.02162499999999999 0.049361111111111064
2 0.3818229166666667 0.4045740740740741 0.01938541666666668 0.04830555555555552
5 0.43735416666666665 0.444712962962963 0.02063541666666661 0.031740740740740715
0 0.5104531250000001 0.5939351851851852 0.02603125000000001 0.038833333333333386
5 0.48228125 0.6840740740740741 0.02255729166666664 0.03600925925925935
5 0.3467291666666667 0.4017037037037037 0.024697916666666705 0.04438888888888883
3 0.46076562499999996 0.6894722222222223 0.020703125 0.03866666666666666
4 0.2950833333333333 0.48055555555555557 0.02130208333333338 0.04201851851851862
0 0.45353645833333334 0.42312962962962963 0.023453124999999984 0.04295370370370369
3 0.40490624999999997 0.686212962962963 0.030921874999999942 0.042694444444444354
0 0.38155208333333335 0.6142314814814814 0.02578125 0.036703703703703794
3 0.5326145833333333 0.69275 0.023343749999999965 0.041018518518518475
1 0.500375 0.512898148148148 0.021182291666666703 0.04888888888888885
5 0.3456458333333333 0.44172222222222224 0.022739583333333376 0.032555555555555525
0 0.3690104166666667 0.43538888888888894 0.023692708333333336 0.040462962962963006
2 0.30702083333333335 0.5280092592592592 0.026848958333333308 0.03875925925925917
2 0.5330885416666666 0.34426851851851853 0.02518229166666662 0.03953703703703708
3 0.38299479166666667 0.5161944444444444 0.023380208333333385 0.038407407407407425
4 0.29015625 0.6045648148148147 0.024583333333333356 0.03993518518518529
5 0.39579166666666665 0.5791481481481482 0.019500000000000028 0.04434259259259268
2 0.43494270833333337 0.5999722222222222 0.023848958333333316 0.04659259259259253
4 0.495265625 0.3427222222222222 0.01917187499999997 0.03764814814814812
3 0.429875 0.6494907407407408 0.022515625000000008 0.044407407407407444
1 0.5288125000000001 0.4760648148148148 0.022536458333333325 0.03557407407407414
4 0.3420833333333333 0.4795277777777778 0.027619791666666654 0.03819444444444445
0 0.4778958333333333 0.5759907407407407 0.026645833333333376 0.045712962962962865
1 0.517734375 0.43975925925925924 0.0215208333333333 0.04108333333333334
2 0.41760416666666667 0.5686018518518519 0.022385416666666675 0.0445092592592592
4 0.422421875 0.425462962962963 0.022572916666666623 0.029712962962962993
0 0.4415729166666667 0.5603981481481481 0.023848958333333316 0.036462962962963065
4 0.3260677083333333 0.3778703703703704 0.02406770833333335 0.04175000000000003
3 0.38931770833333335 0.6609444444444444 0.020114583333333276 0.039805555555555566
2 0.367953125 0.5432777777777777 0.026187499999999985 0.034324074074074014
0 0.36872916666666666 0.4820092592592593 0.020505208333333278 0.03363888888888882
4 0.29909375 0.5640925925925926 0.0250364583333333 0.03354629629629631
4 0.303765625 0.3725925925925926 0.021244791666666648 0.03248148148148152
2 0.45346875 0.46670370370370373 0.023166666666666676 0.03504629629629632
4 0.33497916666666666 0.5190925925925925 0.028145833333333314 0.03560185185185189
0 0.47736979166666665 0.4619999999999999 0.023526041666666705 0.04115740740740745
3 0.2913645833333333 0.6737222222222222 0.02831249999999995 0.03760185185185176
2 0.39633333333333337 0.4400277777777778 0.026531250000000027 0.036
3 0.3354010416666667 0.6212314814814814 0.025515625000000004 0.0327499999999999
0 0.4046197916666667 0.5367037037037037 0.021317708333333366 0.038648148148148154
5 0.41329166666666667 0.6126388888888888 0.025666666666666654 0.03685185185185181
3 0.29852604166666663 0.4092037037037037 0.027833333333333363 0.03642592592592596
2 0.5144635416666666 0.39846296296296296 0.024583333333333356 0.040777777777777746
4 0.5098177083333334 0.36153703703703705 0.019145833333333327 0.030861111111111148
0 0.4532864583333333 0.5280092592592592 0.025296874999999965 0.037425925925925994
0 0.5207760416666667 0.6344259259259258 0.01995312499999997 0.03975925925925931
0 0.4866145833333333 0.42688888888888893 0.02667187500000002 0.03852777777777779
1 0.4786927083333333 0.5338240740740741 0.023171875000000005 0.040768518518518496
4 0.32109375 0.576324074074074 0.021005208333333296 0.03657407407407407
1 0.5021458333333333 0.4640740740740741 0.02407812500000001 0.04220370370370374
4 0.3163385416666667 0.4935555555555555 0.02233854166666672 0.03796296296296296
3 0.34446875 0.5868240740740741 0.028255208333333334 0.03351851851851856
2 0.43477083333333333 0.39855555555555555 0.02077604166666672 0.03059259259259256
3 0.39428124999999997 0.48075 0.02759375000000001 0.03953703703703708
3 0.3240104166666667 0.42055555555555557 0.02280729166666665 0.0386388888888889
0 0.49346354166666667 0.38885185185185184 0.016666666666666666 0.03912037037037037
3 0.32496354166666663 0.4568611111111111 0.019828124999999967 0.03129629629629625
3 0.5405208333333333 0.6351203703703703 0.019020833333333324 0.037351851851851775
3 0.4072135416666667 0.6447407407407408 0.020250000000000056 0.034064814814814784
4 0.3594947916666667 0.5077685185185185 0.021104166666666656 0.03224074074074068
4 0.34165104166666665 0.5526111111111112 0.024911458333333296 0.031212962962962998
0 0.4733541666666667 0.4958148148148148 0.02613020833333337 0.03125
2 0.5212395833333333 0.3035740740740741 0.023057291666666656 0.037768518518518486
2 0.43930208333333337 0.4951759259259259 0.021677083333333277 0.03339814814814809