3 0.3414270833333333 0.5400833333333332 0.025973958333333276 0.04455555555555545
0 0.38353125 0.6793148148148148 0.022145833333333323 0.046629629629629535
3 0.432203125 0.48695370370370367 0.022822916666666634 0.03413888888888879
0 0.4205729166666667 0.6192777777777778 0.02596354166666662 0.044796296296296396
5 0.5472239583333334 0.5450277777777778 0.026114583333333267 0.035814814814814876
0 0.45655208333333336 0.5021574074074074 0.02215624999999998 0.049962962962962994
3 0.374734375 0.4976296296296297 0.01825520833333331 0.04177777777777768
3 0.3026041666666667 0.6087870370370371 0.020932291666666696 0.04609259259259257
3 0.4044166666666667 0.49417592592592596 0.02020833333333331 0.03575925925925916
3 0.442203125 0.5656944444444445 0.018505208333333318 0.044740740740740685
5 0.5273177083333334 0.6914166666666667 0.02652604166666658 0.04279629629629632
0 0.36570312499999996 0.6285648148148149 0.02407291666666668 0.051361111111111135
5 0.48868229166666666 0.5164074074074074 0.02357812499999999 0.03879629629629638
1 0.46225 0.6418888888888888 0.023385416666666714 0.03789814814814821
5 0.4197604166666667 0.5359537037037038 0.022348958333333377 0.043388888888888796
3 0.39553125 0.5305925925925925 0.02581249999999997 0.039046296296296364
5 0.5006822916666667 0.5703611111111111 0.021510416666666643 0.03999074074074079
5 0.50553125 0.6078888888888889 0.027828125000000033 0.032805555555555616
3 0.3775677083333333 0.5623703703703704 0.027067708333333346 0.03248148148148142