2 0.5219895833333333 0.24259259259259258 0.024739583333333332 0.03886111111111114
5 0.3728802083333333 0.5822129629629629 0.025005208333333327 0.04144444444444444
0 0.4211875 0.4627777777777778 0.03053645833333339 0.04269444444444446
3 0.50090625 0.6984351851851851 0.021286458333333275 0.0423055555555556
1 0.45150520833333335 0.37616666666666665 0.021218750000000005 0.04349074074074077
5 0.48812500000000003 0.6416203703703705 0.022833333333333292 0.04554629629629635
3 0.432015625 0.6956944444444445 0.026192708333333314 0.04407407407407399
5 0.41533854166666667 0.5016296296296296 0.021395833333333295 0.03543518518518517
1 0.4727604166666667 0.39699999999999996 0.024302083333333377 0.038990740740740756
2 0.4017604166666667 0.3620185185185185 0.02258854166666661 0.03578703703703701
2 0.5310520833333333 0.3036388888888889 0.02414583333333328 0.03646296296296296
2 0.533578125 0.34891666666666665 0.026640625000000046 0.03959259259259258
0 0.4087864583333333 0.4002962962962963 0.028031249999999966 0.04283333333333333
2 0.3817291666666666 0.40475925925925926 0.019015624999999994 0.0492777777777778
3 0.40449999999999997 0.6871574074074074 0.030697916666666696 0.0419074074074074
3 0.4603541666666667 0.6905092592592592 0.02049999999999995 0.03831481481481491
3 0.38301562499999997 0.5166111111111111 0.023359374999999953 0.03821296296296295
5 0.42846875 0.5272685185185185 0.023999999999999962 0.037462962962962996
5 0.39573437499999997 0.580324074074074 0.019453124999999953 0.044398148148148193
2 0.5160989583333333 0.4127592592592592 0.026640625000000046 0.039629629629629584
3 0.42991666666666667 0.6497222222222223 0.022348958333333377 0.044314814814814724
5 0.45145312499999996 0.6429259259259259 0.021437500000000043 0.04947222222222228
0 0.45340104166666667 0.42374074074074075 0.02386979166666663 0.04343518518518515
5 0.425671875 0.3711759259259259 0.024885416666666653 0.026055555555555544
0 0.3813541666666667 0.6150462962962963 0.02510416666666669 0.03686111111111106
5 0.43704166666666666 0.4449814814814815 0.020125000000000053 0.03185185185185183
5 0.3467291666666667 0.4015740740740741 0.024598958333333344 0.04412037037037035
4 0.29030208333333335 0.6055 0.02482291666666671 0.04000925925925929
5 0.48134895833333335 0.6818703703703703 0.02176562499999998 0.034407407407407484
2 0.30727604166666667 0.5285555555555556 0.026749999999999947 0.038703703703703664
4 0.42271875 0.42509259259259263 0.02268749999999997 0.029592592592592625
1 0.5221718750000001 0.453037037037037 0.022708333333333285 0.038962962962963
0 0.3690104166666667 0.43555555555555553 0.023531250000000035 0.04133333333333332
2 0.434828125 0.6015555555555555 0.023598958333333305 0.046629629629629535
1 0.5333802083333333 0.48766666666666664 0.022666666666666658 0.03390740740740731
3 0.38901041666666664 0.6619537037037037 0.020010416666666704 0.03927777777777784
0 0.36880208333333336 0.48250000000000004 0.020755208333333285 0.03399074074074077
0 0.441625 0.5614537037037037 0.023921875000000033 0.03621296296296287
3 0.33533854166666666 0.621712962962963 0.025416666666666643 0.033787037037037046
1 0.5001822916666667 0.5164722222222222 0.020078124999999978 0.05086111111111117
4 0.342296875 0.4796388888888889 0.027291666666666714 0.037694444444444475
3 0.2911458333333333 0.6746574074074074 0.02844270833333328 0.037037037037037035
4 0.29935416666666664 0.564861111111111 0.025307291666666624 0.03371296296296304
0 0.477421875 0.5781018518518519 0.026942708333333343 0.045638888888888854
4 0.29544791666666664 0.4808148148148148 0.021187500000000033 0.041749999999999926
4 0.326296875 0.37760185185185186 0.024088541666666668 0.04133333333333332
0 0.5198541666666666 0.6311018518518519 0.02280729166666665 0.03350000000000006
3 0.53984375 0.6177685185185186 0.019864583333333265 0.038972222222222144
3 0.2987083333333333 0.40925925925925927 0.027395833333333286 0.03737037037037038
2 0.4172864583333334 0.5700925925925926 0.022635416666666686 0.0448148148148149
0 0.40475 0.5381481481481482 0.020968749999999994 0.03855555555555565
0 0.5104166666666666 0.5955 0.025901041666666676 0.03943518518518511
5 0.34560937500000005 0.4414444444444444 0.022140624999999994 0.0327314814814815
2 0.45357291666666666 0.46694444444444444 0.023213541666666632 0.03535185185185181
4 0.335078125 0.5192962962962964 0.02797395833333335 0.036055555555555605
0 0.4534322916666667 0.5288333333333333 0.025197916666666723 0.037342592592592525
0 0.4779635416666667 0.463537037037037 0.023572916666666662 0.041129629629629696
4 0.30389583333333337 0.3722592592592593 0.02158854166666669 0.03251851851851852
2 0.396703125 0.4396388888888889 0.026723958333333304 0.03646296296296296
4 0.3215260416666667 0.5774259259259259 0.021260416666666632 0.035962962962962884
3 0.407375 0.6455648148148149 0.020984374999999982 0.035379629629629664
3 0.3448177083333333 0.5875925925925927 0.02755208333333338 0.03282407407407412
0 0.49645833333333333 0.38513888888888886 0.02254687499999998 0.03409259259259264
2 0.43459375 0.39867592592592593 0.020895833333333277 0.031759259259259216
3 0.39434895833333333 0.48112037037037036 0.027515624999999964 0.03989814814814807
3 0.32415625 0.42030555555555554 0.022885416666666696 0.0382222222222222
2 0.36816666666666664 0.5440833333333334 0.02639062500000004 0.03547222222222217
1 0.47898437499999996 0.5356666666666666 0.023145833333333362 0.04053703703703701
0 0.48711979166666663 0.4278888888888889 0.02690625000000004 0.03949074074074072
3 0.32547916666666665 0.4574537037037037 0.02000000000000005 0.032157407407407426
4 0.34179166666666666 0.5530740740740742 0.025005208333333327 0.032120370370370424
4 0.316484375 0.49410185185185185 0.02236458333333336 0.03925000000000009
0 0.47292708333333333 0.4978333333333333 0.025546874999999976 0.03187962962962969
4 0.35951041666666667 0.5082592592592592 0.020989583333333308 0.032694444444444394
1 0.5019583333333333 0.46755555555555556 0.02329687500000001 0.04408333333333335
2 0.4397760416666667 0.4966111111111111 0.021416666666666608 0.035398148148148165
5 0.4127239583333333 0.6128333333333333 0.028177083333333287 0.039407407407407356