1 0.4729791666666667 0.39785185185185185 0.024052083333333366 0.03943518518518521
5 0.3726145833333333 0.5816296296296296 0.025192708333333275 0.04156481481481491
5 0.4883489583333333 0.6409814814814815 0.023036458333333343 0.045324074074074114
1 0.45173958333333336 0.3772037037037037 0.02120312500000002 0.04479629629629629
0 0.4213020833333333 0.46237962962962964 0.0312135416666667 0.04351851851851852
5 0.42815624999999996 0.5268518518518519 0.023567708333333333 0.03752777777777775
2 0.40198958333333334 0.3625185185185185 0.02254166666666665 0.035694444444444404
0 0.40895312500000003 0.40012037037037035 0.027932291666666723 0.043185185185185174
3 0.431984375 0.6955740740740741 0.026255208333333377 0.044111111111111205
2 0.5338020833333333 0.3493148148148148 0.026557291666666552 0.03919444444444448
3 0.5009322916666666 0.6981944444444445 0.02138541666666664 0.04220370370370364
5 0.45140625 0.6420925925925927 0.021312500000000036 0.049314814814814804
5 0.4373125 0.44477777777777777 0.020578124999999996 0.031601851851851846
1 0.5017447916666666 0.4665925925925926 0.022322916666666616 0.042907407407407436
2 0.3821614583333333 0.4045092592592593 0.019463541666666608 0.0481203703703704
5 0.39544270833333334 0.579037037037037 0.019307291666666632 0.04309259259259256
3 0.460453125 0.6903796296296296 0.020546875000000023 0.0386203703703704
0 0.3812552083333333 0.6148425925925926 0.025119791666666676 0.03623148148148158
0 0.45352604166666666 0.42398148148148146 0.02432291666666669 0.043194444444444424
5 0.34709375 0.4016388888888889 0.02517708333333329 0.043731481481481496
1 0.5000833333333333 0.515787037037037 0.020031250000000018 0.05078703703703695
4 0.29011458333333334 0.6053518518518518 0.024916666666666625 0.04039814814814825
3 0.40436979166666664 0.6865185185185185 0.030317708333333353 0.042101851851851876
0 0.36928125 0.4359444444444444 0.023609374999999964 0.040712962962962986
2 0.5164114583333334 0.4127222222222222 0.02659374999999997 0.03852777777777779
3 0.3828020833333333 0.5161851851851852 0.02315104166666669 0.03869444444444441
4 0.4227135416666667 0.4252777777777778 0.022406249999999992 0.0294444444444444
4 0.295296875 0.48075 0.02095833333333334 0.042009259259259156
5 0.48124479166666667 0.6811388888888888 0.021260416666666632 0.03488888888888895
2 0.3068072916666667 0.5285833333333333 0.026520833333333372 0.03887962962962964
5 0.42597395833333335 0.37177777777777776 0.02486458333333334 0.02625000000000002
0 0.4530885416666666 0.5282314814814815 0.024583333333333356 0.03727777777777777
3 0.4296979166666667 0.6492407407407407 0.022421874999999977 0.04391666666666673
2 0.43475 0.6001481481481481 0.023499999999999945 0.046722222222222255
0 0.36873958333333334 0.48217592592592595 0.021083333333333343 0.03368518518518528
0 0.51996875 0.6300277777777777 0.02265625 0.03461111111111121
0 0.5102552083333334 0.5938240740740741 0.025802083333333316 0.038416666666666675
4 0.34238541666666666 0.47950925925925925 0.02734895833333333 0.03721296296296301
0 0.47738020833333333 0.5766759259259259 0.02702083333333339 0.045703703703703615
2 0.41721354166666663 0.5689814814814815 0.02244791666666662 0.04482407407407415
0 0.44149479166666666 0.5607777777777778 0.02361458333333329 0.036120370370370365
3 0.3350104166666667 0.6213796296296297 0.02529166666666664 0.03362962962962957
3 0.3890416666666667 0.6613703703703704 0.020140625000000037 0.039481481481481576
3 0.5396249999999999 0.616638888888889 0.02016145833333335 0.03850925925925918
4 0.32652604166666666 0.3778518518518518 0.023989583333333304 0.0415462962962963
2 0.3678177083333333 0.5435092592592593 0.026395833333333365 0.03462037037037046
4 0.29897395833333335 0.5643703703703703 0.024874999999999994 0.0338888888888888
1 0.5334479166666667 0.4869074074074074 0.022828124999999963 0.034194444444444506
3 0.29096354166666666 0.6741944444444444 0.02841666666666664 0.037462962962962996
2 0.39663020833333335 0.4398148148148148 0.026624999999999944 0.03625925925925923
3 0.298859375 0.4093055555555556 0.027499999999999976 0.037749999999999985
5 0.34547916666666667 0.44169444444444445 0.02219270833333328 0.03208333333333331
4 0.3349479166666667 0.5191018518518519 0.02755729166666671 0.03589814814814813
1 0.4787604166666667 0.5348518518518518 0.02342708333333334 0.04024074074074077
0 0.40436979166666664 0.5375740740740741 0.021708333333333368 0.03902777777777786
4 0.304015625 0.3724351851851852 0.021249999999999977 0.032462962962962916
4 0.31626041666666665 0.49379629629629623 0.022140624999999994 0.038962962962962894
2 0.4535885416666667 0.46679629629629626 0.02410937499999998 0.03461111111111121
4 0.3210104166666667 0.5763425925925927 0.020968749999999994 0.03665740740740733
0 0.49659895833333334 0.38528703703703704 0.02236458333333336 0.03362037037037032
1 0.5221197916666667 0.4523981481481481 0.02305208333333345 0.0375
0 0.477875 0.46351851851851855 0.023833333333333328 0.04051851851851851
3 0.4071197916666666 0.645212962962963 0.020895833333333277 0.035092592592592675
2 0.4347864583333333 0.39866666666666667 0.020552083333333353 0.03147222222222223
3 0.3251458333333333 0.4571388888888889 0.020145833333333366 0.03138888888888887
3 0.34434375 0.5870185185185185 0.027895833333333304 0.03319444444444436
4 0.34146875 0.5518981481481481 0.024890624999999982 0.03192592592592594
3 0.3243489583333333 0.42029629629629633 0.023046875 0.0382407407407407
0 0.47269791666666666 0.49655555555555553 0.0261354166666667 0.03264814814814814
4 0.359375 0.5082592592592592 0.02123958333333332 0.03266666666666664
3 0.394296875 0.48097222222222225 0.026968749999999986 0.03951851851851858
5 0.41513541666666665 0.5010370370370371 0.021572916666666705 0.03470370370370372
5 0.41330729166666663 0.6129444444444445 0.025458333333333392 0.03617592592592587
2 0.5300729166666667 0.30383333333333334 0.02471875000000002 0.03802777777777783
2 0.439984375 0.49484259259259256 0.021390624999999965 0.0312685185185185
0 0.4865729166666667 0.425962962962963 0.029947916666666668 0.04056481481481487