5 0.48849479166666665 0.6414166666666666 0.022828124999999963 0.04560185185185185
5 0.372703125 0.5821851851851851 0.02518749999999995 0.04162962962962966
5 0.41623958333333333 0.5018240740740741 0.021156249999999942 0.03492592592592595
2 0.5325104166666667 0.3066759259259259 0.021619791666666662 0.04090740740740736
2 0.5338333333333334 0.3503240740740741 0.026854166666666637 0.038555555555555544
5 0.34696354166666665 0.4016851851851852 0.024703125000000034 0.043999999999999984
5 0.45169270833333336 0.6423703703703704 0.02123958333333332 0.04944444444444453
2 0.44792187499999997 0.39778703703703705 0.01964062500000002 0.032935185185185234
3 0.43251562499999996 0.6955833333333333 0.026401041666666694 0.044111111111111205
3 0.5010156250000001 0.6982314814814815 0.021390624999999965 0.042009259259259156
1 0.50059375 0.5175370370370371 0.019557291666666643 0.050398148148148206
5 0.39560416666666665 0.5798148148148149 0.019453124999999953 0.04396296296296298
5 0.4348125 0.4230462962962963 0.0202760416666667 0.03947222222222222
1 0.47771875 0.3919259259259259 0.023822916666666673 0.03874074074074077
0 0.38193750000000004 0.6153888888888889 0.02592708333333332 0.03598148148148139
2 0.3780572916666667 0.4133703703703704 0.02333333333333331 0.03804629629629633
5 0.48130208333333335 0.6811851851851851 0.02130729166666671 0.035037037037036964
3 0.46059895833333336 0.6904629629629631 0.020661458333333372 0.03826851851851845
4 0.29014062500000004 0.6044166666666666 0.02474999999999999 0.03981481481481482
2 0.3072239583333333 0.5294722222222222 0.026729166666666634 0.03964814814814809
0 0.441984375 0.5618148148148148 0.024260416666666628 0.03468518518518522
3 0.38311458333333337 0.5172685185185185 0.024359374999999992 0.03687037037037031
3 0.40463541666666664 0.6865648148148148 0.030973958333333346 0.042074074074074125
2 0.455578125 0.4691111111111111 0.023026041666666684 0.03656481481481482
2 0.43518749999999995 0.6013333333333334 0.02385416666666664 0.04654629629629628
0 0.4540208333333334 0.5276111111111111 0.02408333333333334 0.03722222222222227
0 0.51996875 0.6303425925925926 0.02254687499999998 0.034101851851851786
2 0.5177916666666667 0.41255555555555556 0.02593229166666665 0.03889814814814814
5 0.413421875 0.6134722222222222 0.02550000000000002 0.036120370370370365
0 0.40522916666666664 0.5374074074074073 0.02163020833333332 0.039092592592592616
4 0.4150729166666667 0.42362037037037037 0.018135416666666633 0.03358333333333332
0 0.5105260416666667 0.5943425925925926 0.025692708333333297 0.0385833333333334
5 0.4288645833333333 0.52825 0.02326041666666671 0.03681481481481481
4 0.29920833333333335 0.5650740740740741 0.02495312500000004 0.03374074074074079
5 0.3428333333333333 0.4423148148148148 0.021723958333333352 0.030981481481481516
0 0.47728125 0.5791018518518518 0.02748437499999999 0.04580555555555558
0 0.3686458333333333 0.48315740740740737 0.02136979166666665 0.03422222222222226
4 0.29522395833333337 0.48076851851851854 0.021406249999999953 0.04151851851851844
3 0.4299947916666667 0.6495833333333333 0.02258333333333328 0.043712962962962995
3 0.53984375 0.6169074074074073 0.019906249999999896 0.03885185185185189
0 0.46592187500000004 0.42862962962962964 0.02268749999999997 0.04016666666666666
4 0.32650520833333335 0.37772222222222224 0.02401041666666662 0.041500000000000044
1 0.5334166666666668 0.4878796296296296 0.022744791666666705 0.03437962962962973
0 0.36691666666666667 0.4416481481481482 0.024229166666666656 0.04287037037037033
3 0.3891822916666667 0.6615 0.020286458333333358 0.03941666666666661
2 0.41727604166666665 0.5697685185185185 0.022609375000000043 0.04514814814814814
1 0.5221458333333333 0.4527037037037037 0.02276041666666657 0.036944444444444426
2 0.367890625 0.544037037037037 0.026072916666666637 0.035037037037036964
4 0.34194270833333335 0.479925925925926 0.027322916666666686 0.036777777777777805
3 0.3352552083333334 0.6213981481481482 0.02539583333333333 0.033453703703703805
3 0.29119791666666667 0.6743796296296297 0.028375000000000008 0.03739814814814824
2 0.39577083333333335 0.44212962962962965 0.026760416666666724 0.03791666666666671
4 0.3350208333333333 0.5194629629629629 0.02706250000000002 0.03634259259259259
4 0.303890625 0.3726851851851852 0.021786458333333297 0.032388888888888905
0 0.49139583333333337 0.4300277777777778 0.02582812499999996 0.038962962962963
3 0.29856770833333335 0.4096111111111111 0.027515624999999964 0.0371574074074074
0 0.499859375 0.38185185185185183 0.01954166666666666 0.04031481481481478
4 0.32119270833333335 0.5765925925925927 0.020609374999999968 0.03649074074074082
3 0.3945520833333333 0.4835092592592593 0.026942708333333343 0.03750925925925925
1 0.502609375 0.4692222222222222 0.021442708333333373 0.04294444444444455
0 0.4788854166666667 0.46803703703703703 0.022432291666666635 0.040027777777777794
2 0.439953125 0.49326851851851855 0.02268749999999997 0.03447222222222224
3 0.34455729166666665 0.5873333333333334 0.0280885416666667 0.0323148148148149
4 0.3416302083333333 0.5526296296296297 0.024703125000000034 0.0316111111111112
3 0.40744791666666663 0.6455925925925926 0.020791666666666705 0.03481481481481473
3 0.323828125 0.42025 0.022781250000000006 0.0386203703703704
0 0.4731666666666667 0.5026388888888889 0.02503124999999997 0.031407407407407474
4 0.31596874999999996 0.49457407407407405 0.022630208333333356 0.03926851851851859
0 0.4213125 0.4636388888888889 0.03143229166666662 0.038990740740740645
4 0.3592552083333333 0.5087685185185186 0.02095312500000001 0.032120370370370424
1 0.47957812499999997 0.5389259259259259 0.02518229166666662 0.037999999999999964
3 0.3238229166666667 0.4578148148148148 0.01970833333333329 0.029694444444444492