5 0.4164010416666667 0.5019537037037037 0.02077604166666672 0.03481481481481473
5 0.3727239583333333 0.5822222222222222 0.024937500000000057 0.042092592592592626
5 0.48848437499999997 0.640712962962963 0.02333854166666664 0.0455740740740741
5 0.43861979166666665 0.34699074074074077 0.025005208333333327 0.034083333333333285
2 0.5471822916666667 0.5091296296296296 0.02772916666666655 0.0411481481481482
2 0.385328125 0.3154722222222222 0.02358333333333332 0.046861111111111124
2 0.5343229166666668 0.35053703703703704 0.026833333333333324 0.03900000000000001
5 0.4290260416666667 0.5283425925925926 0.023375000000000055 0.036796296296296306
0 0.51159375 0.5909074074074073 0.0215208333333333 0.04675000000000001
1 0.5003229166666666 0.517462962962963 0.02364062500000005 0.04524074074074065
5 0.3471614583333333 0.40208333333333335 0.024770833333333304 0.043787037037037006
5 0.481234375 0.6810092592592593 0.02159895833333335 0.03481481481481473
3 0.4323229166666666 0.6953333333333334 0.026338541666666635 0.043462962962963016
5 0.45139583333333333 0.6421759259259259 0.02149479166666666 0.04956481481481479
5 0.43502083333333336 0.42342592592592593 0.020213541666666637 0.03991666666666668
3 0.5008229166666667 0.6978981481481482 0.02149479166666666 0.04180555555555564
5 0.395546875 0.5795092592592592 0.019604166666666718 0.04391666666666673
1 0.5453697916666667 0.5608055555555556 0.025 0.039379629629629605
2 0.5327083333333333 0.3069351851851852 0.02205208333333341 0.04115740740740745
3 0.4604010416666667 0.6898796296296297 0.02063020833333328 0.03888888888888889
1 0.5030104166666667 0.4693981481481481 0.021749999999999995 0.04434259259259258
2 0.30728125 0.52925 0.026854166666666637 0.040379629629629536
5 0.3431354166666667 0.4424074074074074 0.021541666666666615 0.03109259259259263
0 0.454234375 0.5276944444444445 0.02474479166666666 0.03756481481481476
4 0.29019791666666667 0.6052314814814814 0.025 0.0393055555555556
2 0.3783229166666667 0.41350925925925924 0.023635416666666725 0.03895370370370375
0 0.3672239583333334 0.4419166666666666 0.02386979166666663 0.04232407407407411
0 0.40535937499999997 0.5371018518518519 0.021328125000000024 0.03788888888888896
2 0.44785416666666666 0.39802777777777776 0.01932291666666662 0.03259259259259263
0 0.38202604166666665 0.6151944444444444 0.02660416666666663 0.035962962962962884
2 0.45564583333333336 0.4692962962962962 0.023171875000000005 0.037018518518518534
3 0.4044583333333333 0.6860555555555556 0.03081770833333337 0.0418703703703704
3 0.46186979166666664 0.33539814814814817 0.01694791666666665 0.04111111111111109
0 0.47742708333333334 0.5780277777777778 0.02762499999999998 0.045324074074074114
0 0.4420208333333333 0.5618981481481482 0.024312500000000032 0.03546296296296292
2 0.43475520833333337 0.6010185185185185 0.023499999999999945 0.04688888888888898
4 0.41539062499999996 0.42421296296296296 0.018489583333333334 0.03356481481481482
4 0.2990260416666667 0.5647407407407407 0.024937500000000057 0.033361111111111084
0 0.518921875 0.6487499999999999 0.01921875000000005 0.04027777777777778
3 0.5315416666666667 0.6175648148148148 0.020541666666666694 0.037083333333333295
0 0.4669010416666667 0.4273796296296296 0.022609375000000043 0.042907407407407436
3 0.3830677083333333 0.5168888888888888 0.023885416666666614 0.03752777777777775
3 0.4297708333333333 0.6494629629629629 0.0222291666666667 0.044398148148148193
3 0.3889375 0.6609907407407407 0.020354166666666628 0.03950000000000008
2 0.41728125 0.5697500000000001 0.0226197916666667 0.0448703703703704
3 0.2987916666666666 0.4096666666666667 0.02734375 0.03762962962962962
4 0.29553124999999997 0.48072222222222216 0.02162499999999999 0.04126851851851846
2 0.36793750000000003 0.54375 0.02637500000000005 0.0348981481481482
3 0.39480729166666667 0.4838148148148148 0.02667187500000002 0.03790740740740746
4 0.3420052083333333 0.479925925925926 0.027890624999999978 0.037675925925925974
4 0.30423958333333334 0.3728425925925926 0.021609375000000004 0.032685185185185144
4 0.32708333333333334 0.3775925925925926 0.023463541666666643 0.0411666666666667
3 0.334984375 0.6212037037037037 0.02527604166666665 0.03320370370370361
4 0.32093750000000004 0.5768333333333333 0.021088541666666672 0.03631481481481484
3 0.291015625 0.6741296296296296 0.028489583333333356 0.037462962962962996
2 0.39584375 0.4422777777777778 0.026437499999999996 0.03771296296296298
4 0.33515625 0.519537037037037 0.027317708333333357 0.03692592592592603
2 0.43977083333333333 0.49323148148148155 0.02276041666666669 0.03325000000000008
3 0.40727083333333336 0.6453425925925926 0.020885416666666618 0.03490740740740745
3 0.3241510416666667 0.4201851851851852 0.02266145833333333 0.03875925925925927
0 0.4792135416666667 0.4683148148148148 0.02219270833333328 0.04052777777777776
3 0.34450000000000003 0.5872037037037037 0.02832812500000005 0.033111111111111105
0 0.49146875 0.43036111111111114 0.025473958333333376 0.03667592592592594
0 0.3690208333333333 0.4832592592592592 0.021145833333333287 0.03412962962962954
1 0.4796458333333333 0.5372037037037036 0.025369791666666686 0.037453703703703746
4 0.35922916666666665 0.5090185185185185 0.020906250000000053 0.0316111111111112
4 0.341421875 0.552675925925926 0.024776041666666634 0.03151851851851849
4 0.31613020833333333 0.49473148148148144 0.022416666666666647 0.038981481481481395
5 0.4131927083333334 0.6127685185185184 0.025557291666666634 0.035953703703703634
1 0.5494583333333334 0.6033981481481481 0.019770833333333352 0.03849074074074068
0 0.4216302083333333 0.46308333333333335 0.03165624999999998 0.03954629629629633
0 0.47657812499999996 0.5215000000000001 0.03158333333333339 0.06755555555555559
0 0.4734583333333333 0.5020092592592592 0.02592187499999999 0.03039814814814808
3 0.323734375 0.45819444444444446 0.0218385416666667 0.03140740740740737