5 0.4167135416666667 0.5017777777777778 0.02095312500000001 0.03488888888888895
5 0.4883645833333333 0.6408796296296296 0.02315625000000002 0.04577777777777783
5 0.3730260416666667 0.5821018518518518 0.024874999999999994 0.04181481481481489
5 0.4387552083333333 0.346787037037037 0.025296874999999965 0.03389814814814816
2 0.5324427083333333 0.30694444444444446 0.021786458333333297 0.0412037037037037
2 0.5342812499999999 0.35037962962962965 0.026833333333333324 0.03892592592592589
2 0.5475885416666666 0.509212962962963 0.027734375 0.04149074074074069
5 0.3472135416666667 0.40174074074074073 0.02482291666666671 0.04382407407407411
1 0.5008541666666667 0.5179074074074075 0.02333333333333331 0.04495370370370366
5 0.429375 0.5285 0.023526041666666705 0.03665740740740733
3 0.43196875 0.6953703703703704 0.02638020833333338 0.04364814814814824
5 0.45128645833333336 0.6425 0.021515624999999972 0.049648148148148045
5 0.4354427083333333 0.4230925925925926 0.020125000000000053 0.039888888888888925
0 0.42190104166666664 0.46337962962962964 0.03129687499999996 0.039648148148148196
5 0.4809322916666667 0.6814722222222223 0.021604166666666678 0.03513888888888893
3 0.5005260416666667 0.6981111111111111 0.02163020833333332 0.0418703703703704
5 0.3957239583333333 0.5798333333333333 0.019479166666666714 0.044990740740740665
0 0.5117916666666666 0.5910555555555556 0.021442708333333373 0.046620370370370284
3 0.46009375 0.6901481481481482 0.020374999999999942 0.03834259259259267
2 0.3783697916666667 0.41317592592592595 0.023822916666666673 0.03836111111111107
2 0.4562083333333333 0.4697222222222222 0.02329166666666668 0.03709259259259265
4 0.29026041666666663 0.6053703703703703 0.025057291666666613 0.03945370370370361
2 0.307671875 0.5293425925925926 0.026432291666666666 0.04000925925925929
1 0.5455208333333333 0.5613518518518519 0.02517187499999996 0.03975925925925931
1 0.5033645833333333 0.4695740740740741 0.021739583333333336 0.044351851851851934
3 0.38347916666666665 0.5172222222222222 0.024026041666666723 0.03634259259259259
3 0.4041197916666667 0.686425925925926 0.03090104166666663 0.042064814814814874
2 0.43509375 0.6010555555555556 0.023729166666666638 0.04660185185185178
0 0.381859375 0.6149166666666667 0.025796874999999986 0.03587037037037038
0 0.45459375 0.5278796296296296 0.02422395833333333 0.037055555555555536
5 0.3435833333333333 0.44256481481481486 0.021406249999999953 0.03125925925925925
3 0.4296302083333333 0.6492500000000001 0.02213020833333334 0.04428703703703697
4 0.4157708333333333 0.42407407407407405 0.018666666666666623 0.0333981481481482
0 0.40550520833333337 0.5375555555555555 0.021531249999999957 0.03887962962962964
0 0.4776302083333333 0.5782685185185185 0.027640624999999967 0.04512037037037039
3 0.2991354166666667 0.4095185185185185 0.027182291666666695 0.037537037037037
0 0.36739062499999997 0.4417037037037037 0.023661458333333368 0.041666666666666664
4 0.29930729166666664 0.5646666666666667 0.0249635416666667 0.03373148148148154
0 0.442171875 0.5618333333333333 0.024515624999999968 0.03446296296296299
3 0.531625 0.6178703703703703 0.02039583333333326 0.03657407407407407
0 0.5188229166666667 0.6489537037037038 0.01899479166666668 0.04024074074074077
4 0.29599479166666665 0.4809907407407408 0.021463541666666686 0.0419259259259259
3 0.388734375 0.6613425925925925 0.020088541666666633 0.03941666666666661
0 0.4673802083333333 0.42729629629629634 0.022385416666666675 0.04260185185185184
3 0.461859375 0.3353425925925926 0.01700520833333338 0.04094444444444447
2 0.3684583333333334 0.5439351851851852 0.026010416666666696 0.03544444444444442
2 0.41748958333333336 0.569787037037037 0.022609375000000043 0.04492592592592591
4 0.34254687500000003 0.4797592592592593 0.027541666666666725 0.037694444444444475
3 0.335109375 0.6212685185185185 0.02517187499999996 0.03319444444444436
4 0.32721354166666666 0.3777407407407407 0.023406250000000028 0.0412037037037037
4 0.3353854166666667 0.519787037037037 0.02744270833333336 0.036777777777777805
3 0.2908072916666667 0.6740925925925926 0.028463541666666713 0.03724074074074077
4 0.30441145833333333 0.3727777777777778 0.021567708333333376 0.03226851851851854
0 0.36945833333333333 0.4829814814814815 0.02138541666666664 0.03382407407407405
2 0.39634375 0.442 0.026437499999999996 0.0371018518518519
4 0.321421875 0.576537037037037 0.021041666666666715 0.03640740740740735
3 0.32457812500000005 0.4209629629629629 0.02279687499999999 0.038407407407407425
4 0.34203125 0.5526481481481481 0.025296874999999965 0.032148148148148176
1 0.5495625000000001 0.6034722222222222 0.019661458333333333 0.03848148148148143
3 0.40696354166666665 0.6451851851851852 0.020692708333333344 0.03492592592592595
2 0.44814062499999996 0.3979722222222222 0.01967708333333332 0.032370370370370403
3 0.3445729166666667 0.5873425925925926 0.02788541666666665 0.03257407407407413
0 0.491796875 0.4305277777777778 0.025692708333333297 0.037018518518518534
0 0.47973958333333333 0.4680277777777778 0.02195312500000005 0.039675925925925844
2 0.4403020833333333 0.493537037037037 0.02254687499999998 0.033666666666666574
3 0.3953541666666667 0.48348148148148146 0.026760416666666724 0.03831481481481491
4 0.316515625 0.49442592592592594 0.022250000000000013 0.03885185185185189
1 0.4800989583333333 0.5374722222222222 0.025338541666666714 0.03729629629629627
0 0.4740364583333333 0.5022777777777778 0.026041666666666668 0.03129629629629625
4 0.359484375 0.5086574074074074 0.021109374999999986 0.03249999999999992
3 0.32367708333333334 0.4572685185185185 0.02080729166666669 0.030851851851851898
0 0.47719791666666667 0.5202777777777777 0.03114583333333331 0.06842592592592601
5 0.41352083333333334 0.6136111111111111 0.025510416666666678 0.03566666666666665