0 0.5105208333333333 0.41137962962962965 0.023046875 0.047703703703703686
3 0.34121875 0.540074074074074 0.02606770833333331 0.0444537037037037
3 0.37464062499999995 0.4973055555555556 0.01864062499999998 0.04154629629629619
0 0.42051041666666666 0.6193796296296296 0.025885416666666692 0.044749999999999936
0 0.3835729166666667 0.6794907407407408 0.022317708333333287 0.046314814814814795
5 0.5470885416666668 0.5450925925925927 0.02614583333333324 0.03618518518518512
3 0.441984375 0.5655462962962963 0.018848958333333363 0.045064814814814884
3 0.30251041666666667 0.6089166666666667 0.02106770833333336 0.046314814814814795
0 0.3655 0.6285833333333334 0.024130208333333295 0.05117592592592591
5 0.5272760416666666 0.6912685185185186 0.026578124999999987 0.043027777777777804
1 0.46214583333333337 0.6419351851851851 0.02343229166666667 0.0381851851851852
5 0.41974999999999996 0.5343333333333333 0.022859375000000053 0.04285185185185183
5 0.48970833333333336 0.5173055555555556 0.023947916666666676 0.03867592592592591
3 0.3761302083333333 0.5624722222222223 0.023697916666666666 0.0364166666666666
3 0.3952708333333333 0.5314351851851852 0.025979166666666723 0.03993518518518529
5 0.5055260416666667 0.6078981481481481 0.027859375000000006 0.03274074074074065
3 0.4063072916666667 0.4285185185185185 0.021963541666666704 0.0283055555555556
5 0.5013020833333334 0.5709907407407407 0.02170312500000004 0.040120370370370306