1 0.5227552083333333 0.4902222222222223 0.01981770833333331 0.046731481481481506
5 0.37266666666666665 0.5881574074074074 0.025687499999999967 0.04014814814814806
5 0.48857291666666663 0.6409351851851852 0.023135416666666703 0.04530555555555561
2 0.5325989583333334 0.30703703703703705 0.021786458333333297 0.040999999999999974
5 0.3474375 0.39770370370370367 0.026052083333333323 0.04473148148148143
1 0.5043802083333333 0.5274907407407408 0.023213541666666632 0.04698148148148149
2 0.5341041666666667 0.3507314814814815 0.026791666666666696 0.03873148148148152
3 0.4326302083333333 0.6954074074074074 0.02635416666666662 0.043694444444444494
0 0.5117135416666667 0.591462962962963 0.02149479166666666 0.04592592592592584
2 0.5470833333333334 0.512925925925926 0.02500520833333345 0.04502777777777788
0 0.47572916666666665 0.5871944444444444 0.02787499999999999 0.04125925925925921
3 0.5009635416666667 0.6980833333333333 0.022036458333333304 0.04158333333333341
5 0.4297239583333334 0.5302592592592592 0.024130208333333295 0.03548148148148142
5 0.4216875 0.4986481481481481 0.021567708333333376 0.03313888888888886
5 0.3388385416666667 0.4416203703703704 0.019598958333333392 0.039379629629629605
2 0.4021822916666667 0.4355 0.024890624999999982 0.040592592592592625
0 0.383203125 0.6186574074074074 0.024442708333333365 0.03852777777777768
5 0.451734375 0.6428425925925926 0.02101562499999995 0.04960185185185179
5 0.4812708333333333 0.6812685185185186 0.021291666666666723 0.035111111111111176
4 0.43794791666666666 0.43400000000000005 0.021244791666666648 0.029666666666666633
3 0.4604270833333333 0.6900185185185186 0.02041145833333336 0.03867592592592591
0 0.36989062500000003 0.44834259259259257 0.027463541666666678 0.03551851851851853
3 0.39855208333333336 0.49336111111111114 0.023567708333333333 0.04789814814814816
3 0.40494270833333335 0.6859444444444445 0.03146354166666671 0.04149999999999994
2 0.30683333333333335 0.5303703703703704 0.026119791666666715 0.04177777777777768
5 0.3955572916666667 0.5798611111111112 0.019609375000000047 0.045379629629629624
2 0.43537499999999996 0.6028148148148148 0.023916666666666704 0.04537037037037037
2 0.38003125 0.4180185185185185 0.029166666666666667 0.031148148148148137
0 0.49203645833333337 0.43215740740740743 0.024265624999999957 0.04178703703703703
3 0.32433333333333336 0.3879814814814815 0.021406249999999953 0.03927777777777774
0 0.4551614583333333 0.5264537037037037 0.023937500000000018 0.03846296296296293
0 0.4428125 0.5627407407407408 0.02460416666666667 0.03589814814814813
0 0.48767708333333337 0.47887962962962966 0.022734375000000046 0.03853703703703694
3 0.4298489583333333 0.6496666666666666 0.022307291666666628 0.044370370370370435
4 0.2904427083333333 0.6053333333333333 0.02559895833333338 0.03869444444444441
3 0.38403125 0.5217592592592593 0.02243749999999996 0.04048148148148151
4 0.29368229166666665 0.48225 0.02147916666666667 0.04179629629629639
3 0.5316979166666667 0.6178796296296296 0.020432291666666675 0.03696296296296303
4 0.2991354166666667 0.5660740740740741 0.025083333333333378 0.03392592592592602
4 0.304765625 0.3720277777777778 0.022854166666666724 0.03219444444444443
0 0.519171875 0.6489074074074075 0.01906770833333328 0.04029629629629628
0 0.425046875 0.45999074074074076 0.03181770833333329 0.038574074074074045
4 0.341421875 0.48190740740740745 0.02788020833333332 0.03690740740740731
3 0.29122916666666665 0.6740648148148148 0.028463541666666713 0.0371388888888888
0 0.5178177083333334 0.44242592592592594 0.02106770833333336 0.04612962962962967
2 0.36723958333333334 0.54925 0.023822916666666673 0.03663888888888883
2 0.4446614583333333 0.4938888888888889 0.023140625000000033 0.03328703703703708
3 0.3353802083333333 0.6219074074074074 0.024989583333333343 0.033666666666666574
2 0.41769270833333333 0.571138888888889 0.023369791666666608 0.04383333333333326
3 0.38859895833333336 0.6614166666666667 0.020078124999999978 0.0392870370370371
0 0.40558333333333335 0.5376481481481481 0.02190624999999997 0.04013888888888881
4 0.341390625 0.5539722222222222 0.024828125000000038 0.032138888888888925
0 0.37308854166666666 0.48458333333333337 0.020802083333333363 0.033351851851851834
3 0.34488541666666667 0.5881296296296296 0.027848958333333347 0.032685185185185144
0 0.4715520833333333 0.5053518518518518 0.02302083333333336 0.038805555555555635
1 0.5496718749999999 0.6035462962962963 0.019776041666666563 0.03813888888888894
3 0.30146875 0.40897222222222224 0.028703124999999947 0.03681481481481481
4 0.32161979166666665 0.5784537037037037 0.022166666666666637 0.03245370370370366
3 0.30688020833333335 0.4492129629629629 0.017093749999999967 0.03250000000000002
4 0.33534895833333334 0.5206111111111111 0.030760416666666637 0.035064814814814715
3 0.4071875 0.6455648148148149 0.02069791666666667 0.0349166666666667
4 0.36047395833333334 0.5093888888888889 0.021411458333333282 0.033055555555555595
4 0.3352395833333333 0.520212962962963 0.031208333333333373 0.03551851851851843
4 0.315484375 0.493574074074074 0.021223958333333334 0.038101851851851935
1 0.546203125 0.5611296296296296 0.025218750000000036 0.0392870370370371
5 0.41347395833333334 0.6138796296296296 0.025666666666666654 0.0356388888888889
1 0.47701041666666666 0.5456944444444445 0.025666666666666654 0.038027777777777716
2 0.456953125 0.4639351851851851 0.021927083333333285 0.03422222222222226