5 0.37081250000000004 0.5856111111111112 0.025984375000000053 0.04056481481481476
1 0.5220885416666666 0.49560185185185185 0.02023958333333328 0.046055555555555565
1 0.5032708333333333 0.5310833333333334 0.02332291666666665 0.046731481481481506
3 0.4285833333333333 0.6968611111111112 0.02585937500000005 0.0429722222222223
5 0.48613541666666665 0.6442037037037037 0.02236458333333336 0.04548148148148138
2 0.5348177083333333 0.3112962962962963 0.022171875000000084 0.04010185185185191
3 0.45743229166666666 0.6922685185185184 0.020046875000000006 0.03817592592592594
2 0.5356666666666666 0.35587962962962966 0.02748958333333344 0.03821296296296295
5 0.343796875 0.43866666666666665 0.02325520833333338 0.033361111111111084
5 0.42853125 0.5309166666666667 0.023416666666666686 0.03469444444444447
0 0.5098333333333334 0.5955555555555556 0.021812500000000058 0.04537037037037037
2 0.40241666666666664 0.4351666666666667 0.025203125000000052 0.0404259259259259
5 0.3483177083333333 0.3849351851851852 0.027401041666666615 0.04380555555555551
0 0.473421875 0.5896018518518519 0.02735416666666666 0.04157407407407416
0 0.4925572916666667 0.4355925925925926 0.024130208333333295 0.04162962962962966
4 0.4381302083333333 0.43530555555555556 0.02109375 0.029768518518518496
5 0.478015625 0.68425 0.02194791666666672 0.034740740740740725
0 0.37064583333333334 0.44674074074074077 0.027255208333333295 0.034731481481481474
3 0.3978177083333333 0.49292592592592593 0.023666666666666693 0.04844444444444439
2 0.5458333333333333 0.5190185185185184 0.024901041666666637 0.04518518518518514
3 0.5297135416666666 0.6229351851851852 0.020093749999999962 0.03833333333333342
4 0.28835416666666663 0.5993796296296297 0.02735416666666666 0.03487037037037045
3 0.4978125 0.7004907407407407 0.022421874999999977 0.039490740740740826
3 0.427171875 0.6494814814814815 0.02243749999999996 0.04456481481481492
2 0.45572395833333335 0.46581481481481485 0.025515625000000004 0.03614814814814812
0 0.3810677083333333 0.6166666666666667 0.02486458333333334 0.037435185185185245
2 0.43303125 0.6034814814814815 0.02323437499999995 0.045074074074074134
3 0.4014375 0.6847685185185185 0.03158333333333339 0.039703703703703803
5 0.4491510416666667 0.6451111111111112 0.02102604166666661 0.049370370370370315
5 0.3939375 0.5782685185185185 0.01973437500000005 0.04385185185185176
0 0.4537760416666667 0.5286481481481482 0.02440624999999995 0.03835185185185192
0 0.4410572916666667 0.5642777777777778 0.025755208333333356 0.034768518518518476
4 0.29289583333333336 0.4795555555555555 0.02176562499999998 0.04129629629629621
2 0.30543229166666663 0.525824074074074 0.025416666666666643 0.040592592592592514
0 0.51784375 0.44733333333333336 0.0203125 0.04762962962962968
3 0.3829739583333333 0.5206666666666667 0.022604166666666713 0.040370370370370286
0 0.424984375 0.46044444444444443 0.031593750000000045 0.03844444444444443
3 0.33296354166666664 0.6181296296296297 0.0245729166666667 0.03368518518518528
0 0.5164583333333334 0.6533518518518519 0.01963020833333336 0.04025000000000002
0 0.404640625 0.5367407407407407 0.02104687500000004 0.04026851851851853
4 0.29756770833333335 0.5618425925925925 0.025765625000000014 0.034768518518518476
4 0.34125 0.47835185185185186 0.02758854166666668 0.0382222222222222
5 0.41030208333333335 0.612675925925926 0.02602083333333335 0.034722222222222224
2 0.41588020833333333 0.5714166666666667 0.02326041666666671 0.04359259259259252
1 0.5471614583333333 0.6095277777777778 0.01988020833333337 0.03715740740740751
0 0.48719270833333334 0.48230555555555554 0.02315104166666669 0.03722222222222227
2 0.38093229166666664 0.41691666666666666 0.029036458333333334 0.03148148148148148
4 0.2901458333333334 0.3746759259259259 0.022848958333333277 0.034453703703703736
3 0.31328645833333335 0.24829629629629632 0.02408333333333334 0.04000925925925929
2 0.44429166666666664 0.49552777777777773 0.023598958333333305 0.03371296296296304
2 0.36577604166666666 0.5473703703703704 0.024484374999999996 0.03559259259259264
3 0.2980677083333333 0.40985185185185186 0.023942708333333347 0.046074074074074066
4 0.33984375 0.5496944444444444 0.024911458333333296 0.031740740740740715
4 0.33380208333333333 0.5166296296296297 0.03138541666666666 0.03552777777777768
4 0.31978125 0.5738888888888889 0.021718750000000023 0.035037037037036964
3 0.3853020833333333 0.6593425925925926 0.01989062500000003 0.03945370370370361
3 0.2884895833333333 0.6686296296296297 0.027671875000000058 0.03787037037037046
3 0.40452083333333333 0.6463333333333333 0.020786458333333376 0.03616666666666662
1 0.4751458333333333 0.5489259259259259 0.024734375000000006 0.038027777777777716
3 0.34294270833333335 0.585138888888889 0.027645833333333297 0.033453703703703805
3 0.32430729166666666 0.4542037037037037 0.019458333333333282 0.0308703703703704
5 0.4208072916666667 0.4990462962962963 0.02169791666666671 0.03287962962962962
0 0.4707239583333333 0.508361111111111 0.021786458333333297 0.03884259259259264
4 0.35973958333333333 0.5064351851851853 0.021359374999999996 0.03555555555555564
1 0.5445677083333333 0.5664537037037037 0.024953124999999923 0.03961111111111108
0 0.3725520833333333 0.4828703703703704 0.019609375000000047 0.03723148148148152
4 0.3143958333333333 0.49039814814814814 0.02540104166666666 0.03961111111111108