5 0.47367708333333336 0.6575648148148148 0.02268749999999997 0.044796296296296396
2 0.5439635416666667 0.33712037037037035 0.022875000000000038 0.0397037037037037
1 0.49867187500000004 0.548712962962963 0.022458333333333278 0.050027777777777754
5 0.36263541666666665 0.5748796296296297 0.025520833333333333 0.041425925925925935
3 0.4815729166666667 0.7151851851851851 0.02255208333333331 0.03929629629629635
3 0.41318229166666665 0.6976388888888889 0.02638020833333338 0.04233333333333336
5 0.3538854166666667 0.3698518518518519 0.028776041666666665 0.0423055555555555
0 0.5003697916666667 0.613638888888889 0.022244791666666687 0.045342592592592615
2 0.54290625 0.5479814814814815 0.025979166666666723 0.0429722222222223
5 0.4234427083333333 0.5331574074074074 0.022390625000000004 0.034324074074074014
4 0.2975625 0.3496851851851852 0.022942708333333308 0.037055555555555536
3 0.414140625 0.650037037037037 0.022625000000000027 0.04624074074074079
0 0.43391145833333333 0.5670833333333334 0.024416666666666722 0.03682407407407406
2 0.5427968750000001 0.38124074074074077 0.025619791666666693 0.03912962962962962
1 0.5369895833333334 0.5932037037037037 0.025020833333333315 0.03851851851851843
0 0.5184791666666667 0.46769444444444447 0.02119791666666669 0.0456111111111111
5 0.46281770833333336 0.6960555555555555 0.022098958333333366 0.03644444444444435
5 0.43671875 0.6501296296296296 0.021187500000000033 0.04829629629629637
2 0.40496875 0.43177777777777776 0.025869791666666704 0.03949074074074072
1 0.4695104166666667 0.5596666666666668 0.02507812500000005 0.03887037037037039
4 0.44009895833333335 0.43896296296296294 0.020557291666666682 0.03151851851851849
2 0.38443229166666665 0.4088888888888889 0.027671875000000058 0.03141666666666662
3 0.39651041666666664 0.48762962962962964 0.023416666666666686 0.047999999999999925
2 0.455296875 0.4735740740740741 0.025447916666666615 0.03662037037037033
2 0.30276041666666664 0.4996111111111112 0.025729166666666713 0.04224074074074064
3 0.3792760416666667 0.5121944444444444 0.022104166666666696 0.04137962962962968
3 0.5178854166666667 0.6457592592592593 0.01970833333333329 0.038407407407407425
2 0.4234114583333334 0.6054814814814814 0.02315625000000002 0.04591666666666659
0 0.37073958333333334 0.6079444444444445 0.024156250000000056 0.03656481481481482
3 0.32503125 0.5993055555555555 0.023270833333333366 0.03712962962962955
0 0.4643072916666667 0.6002962962962963 0.028265624999999992 0.04051851851851851
0 0.49384895833333337 0.45130555555555557 0.022739583333333376 0.043203703703703675
3 0.4418229166666666 0.6983425925925927 0.01941666666666665 0.03765740740740747
0 0.5023125 0.6726851851851852 0.019489583333333373 0.040046296296296295
5 0.345671875 0.42327777777777775 0.02233333333333339 0.03432407407407412
1 0.5361770833333334 0.6367407407407407 0.02020833333333343 0.0404074074074075
3 0.2765416666666667 0.6409444444444444 0.027411458333333392 0.0382777777777777
4 0.28165104166666666 0.5812037037037038 0.028291666666666635 0.03479629629629623
0 0.37226041666666665 0.4366666666666667 0.025687499999999967 0.03509259259259257
0 0.48553645833333337 0.4960833333333333 0.023109374999999942 0.036398148148148096
4 0.2927708333333333 0.5343240740740741 0.025192708333333275 0.03494444444444445
3 0.30983854166666663 0.4023055555555556 0.026833333333333324 0.037999999999999964
3 0.3920677083333333 0.6423333333333333 0.020656250000000043 0.037537037037037
3 0.38635416666666667 0.6786944444444445 0.03246354166666663 0.037416666666666744
4 0.29232291666666665 0.4524074074074074 0.021937499999999943 0.03993518518518518
0 0.3999739583333334 0.5339907407407408 0.020802083333333363 0.03879629629629638
0 0.42546875 0.4617777777777778 0.03099999999999999 0.041305555555555463
4 0.34091666666666665 0.4608703703703704 0.027421875000000047 0.03685185185185181
2 0.408546875 0.5706018518518519 0.023776041666666713 0.04309259259259256
0 0.448453125 0.5366203703703704 0.023776041666666713 0.03832407407407417
3 0.33551562500000004 0.5673888888888888 0.027437500000000035 0.033675925925925825
4 0.33160416666666664 0.49856481481481485 0.031124999999999996 0.03536111111111116
3 0.3709322916666667 0.6505277777777778 0.0226927083333333 0.03449999999999999
4 0.313484375 0.5527777777777778 0.022947916666666637 0.034324074074074014
4 0.33473958333333337 0.5323611111111112 0.024567708333333372 0.03041666666666658
4 0.3129427083333333 0.4660555555555555 0.022734375000000046 0.03652777777777782
0 0.4672916666666667 0.5195925925925926 0.021604166666666678 0.04089814814814822
0 0.37135416666666665 0.4719351851851852 0.01981249999999998 0.03298148148148149
1 0.5190572916666667 0.5179814814814815 0.020682291666666686 0.04461111111111117
4 0.35768229166666665 0.49401851851851847 0.02041666666666669 0.035092592592592675
3 0.32583333333333336 0.43404629629629626 0.019187499999999958 0.029925925925925974
5 0.3861614583333333 0.573537037037037 0.019468750000000055 0.044018518518518485
2 0.36060416666666667 0.5342314814814815 0.024348958333333334 0.03566666666666665
5 0.4197135416666667 0.49896296296296294 0.021854166666666685 0.028944444444444436
2 0.4428489583333333 0.5001018518518519 0.020994791666666637 0.03275925925925936
5 0.4006458333333333 0.6113240740740741 0.02570833333333328 0.03732407407407402