1 0.5023593749999999 0.5359444444444444 0.02276562500000002 0.04729629629629623
1 0.5213229166666667 0.49997222222222226 0.020473958333333306 0.04505555555555563
2 0.5319270833333333 0.31522222222222224 0.023609374999999964 0.03949999999999997
2 0.5463229166666667 0.5269444444444444 0.027151041666666723 0.04039814814814825
2 0.5394270833333333 0.36260185185185184 0.02719791666666656 0.038425925925925926
3 0.4250416666666667 0.6969907407407407 0.025864583333333375 0.04260185185185184
0 0.469984375 0.5892685185185185 0.0281614583333333 0.041398148148148184
5 0.3494010416666667 0.3810925925925926 0.02770312500000003 0.04317592592592592
3 0.4551614583333333 0.6942407407407407 0.02020833333333331 0.03795370370370371
5 0.3695364583333333 0.5836018518518519 0.026333333333333306 0.042657407407407345
2 0.4029635416666667 0.4342037037037037 0.02539583333333333 0.040222222222222166
3 0.49585416666666665 0.7034444444444444 0.021119791666666644 0.04062037037037027
3 0.4251666666666667 0.6497685185185185 0.02248437500000004 0.0463333333333333
2 0.38149479166666667 0.41491666666666666 0.028505208333333344 0.03061111111111106
5 0.48441666666666666 0.6503611111111111 0.02286458333333338 0.045379629629629624
5 0.4761770833333333 0.6899722222222222 0.021885416666666657 0.03778703703703699
4 0.43849479166666666 0.43510185185185185 0.020677083333333356 0.02985185185185186
0 0.5076875 0.5996018518518519 0.02117187500000005 0.04644444444444452
3 0.39775 0.4920555555555555 0.02364062500000005 0.048074074074074144
2 0.4555104166666667 0.466037037037037 0.026057291666666652 0.036222222222222225
1 0.5435520833333333 0.5727129629629629 0.024765625000000093 0.03886111111111114
2 0.43161458333333336 0.6046111111111111 0.022421874999999977 0.044981481481481414
5 0.39253645833333334 0.5777777777777777 0.01934895833333338 0.04379629629629626
0 0.51846875 0.4506574074074074 0.02258333333333328 0.04355555555555552
2 0.30459895833333334 0.520537037037037 0.026218749999999957 0.04063888888888898
4 0.287296875 0.6003240740740741 0.026942708333333343 0.03531481481481491
0 0.4931302083333333 0.43763888888888886 0.024312500000000032 0.041509259259259294
3 0.3067708333333333 0.42519444444444443 0.02677604166666671 0.038648148148148154
3 0.331953125 0.6156203703703704 0.0234375 0.036481481481481566
5 0.42729687499999996 0.5316296296296296 0.023343749999999965 0.03420370370370376
0 0.5124739583333333 0.6575833333333334 0.02254687499999998 0.03659259259259257
3 0.3973125 0.6834907407407407 0.03215104166666668 0.03885185185185189
3 0.38220833333333337 0.5183796296296297 0.02243749999999996 0.04182407407407414
0 0.378765625 0.6160833333333333 0.024093749999999994 0.03694444444444453
0 0.4254739583333333 0.46021296296296293 0.03218229166666665 0.03887037037037039
0 0.439484375 0.5648981481481482 0.025 0.03479629629629623
3 0.5271354166666666 0.6277962962962963 0.01952604166666667 0.038018518518518465
2 0.41451041666666666 0.572 0.022859375000000053 0.04512037037037039
0 0.3708958333333333 0.4444166666666667 0.026786458333333367 0.034981481481481454
5 0.44745833333333335 0.6459907407407407 0.021427083333333385 0.04965740740740751
4 0.29269791666666667 0.47238888888888886 0.020927083333333367 0.04023148148148152
5 0.3439270833333333 0.43572222222222223 0.02172916666666668 0.03355555555555556
1 0.5452604166666667 0.6159537037037037 0.020750000000000077 0.03766666666666672
3 0.2870885416666667 0.6630833333333334 0.024203125000000013 0.04426851851851847
2 0.3643854166666667 0.5436759259259258 0.02451041666666664 0.035388888888888914
0 0.48730729166666664 0.48541666666666666 0.022994791666666715 0.03762037037037047
2 0.44388541666666664 0.49626851851851855 0.023489583333333286 0.0338148148148148
0 0.403625 0.5360185185185184 0.020895833333333277 0.039620370370370334
0 0.45204687499999996 0.5311851851851851 0.02408333333333334 0.037083333333333295
4 0.340859375 0.4752314814814815 0.027437500000000035 0.03649074074074082
3 0.34122916666666664 0.5824537037037036 0.027541666666666725 0.03384259259259255
5 0.40796875 0.6132962962962963 0.025192708333333275 0.034074074074074034
0 0.37268749999999995 0.4804259259259259 0.021145833333333287 0.03465740740740746
3 0.402609375 0.6465000000000001 0.021098958333333327 0.03617592592592587
1 0.47515625 0.5490185185185186 0.02517187499999996 0.0371388888888888
4 0.29649479166666665 0.5564351851851852 0.025151041666666648 0.03339814814814809
4 0.31373958333333335 0.48471296296296296 0.022182291666666624 0.03929629629629635
4 0.31830729166666666 0.5700833333333334 0.022708333333333285 0.03586111111111113
3 0.38184375 0.6583055555555556 0.022703124999999956 0.034842592592592696
0 0.4709010416666667 0.5104537037037037 0.023046875 0.03528703703703694
4 0.33372395833333335 0.512287037037037 0.03173958333333336 0.035083333333333425
4 0.35956770833333335 0.5041111111111112 0.021036458333333386 0.033768518518518545
3 0.32449479166666667 0.4509166666666667 0.01981770833333331 0.0294444444444444
4 0.3386302083333333 0.5471574074074074 0.02486458333333334 0.03125
5 0.42069791666666667 0.49867592592592597 0.021619791666666662 0.032379629629629654