1 0.5027604166666666 0.5349351851851852 0.023046875 0.04740740740740745
1 0.5214375 0.4998888888888889 0.0207395833333333 0.045407407407407376
2 0.5316666666666666 0.3147870370370371 0.023499999999999945 0.03953703703703708
2 0.5463802083333333 0.5266666666666666 0.02708854166666678 0.03988888888888882
2 0.5384947916666667 0.3614351851851852 0.027296874999999925 0.037537037037037
5 0.48434895833333336 0.6502870370370369 0.022682291666666642 0.04517592592592589
0 0.47005729166666665 0.5895833333333333 0.028046874999999954 0.041694444444444416
5 0.36941145833333333 0.5836388888888889 0.026687500000000006 0.042407407407407366
2 0.4030625 0.43474999999999997 0.02582291666666663 0.0404444444444444
3 0.4551458333333333 0.6938981481481481 0.02028125000000003 0.0381851851851852
5 0.47603645833333336 0.6899351851851852 0.02159375000000002 0.03750925925925925
3 0.42555729166666667 0.6972499999999999 0.025979166666666723 0.04256481481481484
4 0.4387552083333333 0.43524074074074076 0.021088541666666672 0.030120370370370346
0 0.5080260416666667 0.5991666666666667 0.02104687500000004 0.046425925925926016
3 0.49561458333333336 0.7033611111111111 0.021333333333333353 0.040749999999999995
2 0.45582812500000003 0.46712037037037035 0.02584895833333339 0.03547222222222217
5 0.392609375 0.5778981481481481 0.019140625 0.04461111111111117
0 0.49311979166666664 0.4376203703703704 0.024302083333333377 0.041657407407407414
3 0.4248958333333333 0.6499722222222223 0.02265625 0.04560185185185185
0 0.51259375 0.6575648148148148 0.022312499999999957 0.03644444444444435
2 0.43159375 0.6046851851851851 0.022395833333333334 0.045009259259259166
5 0.34404687500000003 0.43572222222222223 0.02219791666666661 0.033861111111111154
5 0.44738020833333336 0.646074074074074 0.021348958333333338 0.04869444444444437
0 0.43935416666666666 0.5651111111111111 0.0249635416666667 0.034333333333333264
2 0.30473958333333334 0.5206203703703703 0.02634895833333329 0.04115740740740745
0 0.370765625 0.4441759259259259 0.027005208333333287 0.03425000000000001
5 0.42733333333333334 0.5315925925925926 0.023067708333333315 0.0345555555555555
0 0.4520572916666667 0.5314537037037037 0.024307291666666706 0.037435185185185245
4 0.2872708333333333 0.6014722222222223 0.027072916666666676 0.03494444444444445
3 0.3976979166666667 0.49212962962962964 0.024140624999999954 0.04755555555555546
3 0.33190625 0.615787037037037 0.023630208333333277 0.0364537037037036
3 0.39710937500000004 0.6836111111111111 0.03204687499999999 0.03857407407407415
0 0.518640625 0.45052777777777775 0.022489583333333365 0.04364814814814814
5 0.408140625 0.6133703703703705 0.024729166666666677 0.03387962962962955
0 0.37875520833333337 0.6162962962962963 0.024463541666666682 0.03632407407407409
3 0.382125 0.5182129629629629 0.022171874999999966 0.042064814814814874
4 0.29274479166666667 0.47226851851851853 0.02095312500000001 0.039888888888888925
2 0.414390625 0.5721851851851852 0.02286979166666671 0.04493518518518516
3 0.5270260416666667 0.6279629629629631 0.01967187499999999 0.03778703703703699
0 0.4256145833333333 0.46012037037037035 0.03255729166666666 0.03861111111111115
2 0.384546875 0.41325925925925927 0.027411458333333392 0.0334907407407407
0 0.487265625 0.48519444444444443 0.023062499999999986 0.03686111111111106
2 0.3643489583333333 0.5436111111111112 0.024666666666666615 0.03568518518518515
4 0.34105208333333337 0.4751296296296296 0.0276979166666667 0.03688888888888881
3 0.3068854166666667 0.4265185185185185 0.02866145833333332 0.03662962962962958
2 0.44410937500000003 0.4961759259259259 0.02361979166666662 0.03371296296296304
3 0.28664062500000004 0.6633055555555556 0.02415104166666661 0.044749999999999936
3 0.40231770833333336 0.6466666666666666 0.02113541666666663 0.036351851851851844
4 0.296375 0.5563703703703704 0.025114583333333346 0.03339814814814809
0 0.372546875 0.47994444444444445 0.021140624999999958 0.034851851851851946
3 0.341234375 0.5826481481481481 0.027041666666666703 0.03330555555555558
0 0.4035572916666667 0.5362777777777777 0.021109374999999986 0.040342592592592534
4 0.31371875 0.48442592592592587 0.02211458333333335 0.0385648148148149
0 0.471015625 0.5104907407407407 0.023270833333333366 0.03589814814814813
4 0.33834375 0.5474629629629629 0.025057291666666613 0.032129629629629675
4 0.3335677083333334 0.5123981481481481 0.031510416666666666 0.035425925925925916
4 0.3595 0.503712962962963 0.02137499999999998 0.034759259259259226
4 0.31838541666666664 0.5698333333333333 0.022776041666666677 0.03594444444444438
3 0.3243958333333333 0.4505555555555556 0.020354166666666628 0.030685185185185173
1 0.47513020833333336 0.5494074074074075 0.025161458333333307 0.03656481481481482
1 0.5453385416666666 0.6158888888888888 0.0206302083333334 0.03719444444444451
3 0.3815572916666667 0.6581296296296296 0.02332812499999998 0.03483333333333323
1 0.5434270833333333 0.5731574074074074 0.024875000000000112 0.0386018518518519
5 0.4205833333333333 0.49851851851851847 0.021781249999999967 0.0323518518518519