2 0.38555729166666663 0.4141666666666667 0.022578124999999952 0.042907407407407436
2 0.546265625 0.5285370370370371 0.026624999999999944 0.041731481481481425
5 0.48502083333333335 0.6493981481481482 0.022755208333333363 0.04645370370370377
2 0.5318385416666667 0.3149814814814815 0.023802083333333356 0.03999074074074069
2 0.41672916666666665 0.3699722222222222 0.0280885416666667 0.03731481481481477
0 0.51034375 0.599962962962963 0.025020833333333315 0.041018518518518475
3 0.42542187499999995 0.6974907407407407 0.025984375000000053 0.042805555555555576
3 0.455109375 0.6941296296296297 0.02027083333333337 0.03876851851851842
2 0.53840625 0.3615462962962963 0.027151041666666723 0.03779629629629634
5 0.369671875 0.5834166666666667 0.025994791666666708 0.04257407407407409
1 0.5208072916666667 0.49016666666666664 0.025973958333333276 0.037370370370370276
5 0.421921875 0.4962222222222222 0.020791666666666705 0.03524999999999994
2 0.47414062500000004 0.4895925925925926 0.024812500000000053 0.03782407407407399
5 0.4760625 0.6897962962962964 0.021614583333333333 0.037999999999999964
1 0.5081302083333333 0.5345648148148149 0.02976562500000005 0.034027777777777775
0 0.545671875 0.4443796296296296 0.022838541666666618 0.04204629629629627
4 0.45945312499999996 0.3115277777777778 0.021151041666666613 0.034592592592592605
3 0.49541666666666667 0.7035092592592592 0.021359374999999996 0.040824074074074
0 0.4514947916666667 0.5349259259259259 0.024656249999999956 0.0382407407407407
1 0.49552604166666664 0.569462962962963 0.025588541666666725 0.03658333333333332
5 0.39267187499999995 0.5777314814814816 0.019463541666666608 0.04476851851851844
2 0.43039583333333337 0.6053333333333333 0.025406249999999984 0.042722222222222314
1 0.543359375 0.5730833333333333 0.024802083333333277 0.03895370370370364
2 0.44475 0.4968425925925926 0.02173437500000001 0.0356388888888889
3 0.39802604166666666 0.490287037037037 0.024369791666666647 0.047712962962962936
5 0.44721875 0.6450833333333333 0.021578125000000035 0.049722222222222265
0 0.46938541666666667 0.579925925925926 0.024098958333333323 0.04862962962962961
3 0.3971458333333333 0.6829537037037038 0.032005208333333354 0.03787962962962971
5 0.34394270833333335 0.43583333333333335 0.021713541666666693 0.03438888888888888
1 0.5450416666666666 0.6161666666666668 0.020640625000000058 0.0374814814814815
2 0.30468229166666666 0.5206574074074074 0.026302083333333334 0.041129629629629696
4 0.28720833333333334 0.6013981481481482 0.02702604166666672 0.0348796296296297
0 0.4945729166666667 0.4397962962962963 0.021791666666666622 0.046203703703703684
0 0.37892187499999996 0.6160925925925926 0.024161458333333385 0.03718518518518526
0 0.5124895833333334 0.6574259259259259 0.022531249999999996 0.036361111111111094
0 0.49774999999999997 0.4867407407407407 0.021104166666666656 0.03990740740740732
3 0.33175520833333333 0.6158333333333333 0.023817708333333344 0.03624074074074083
5 0.4263958333333333 0.5312685185185185 0.02344791666666666 0.03462037037037046
3 0.28664062500000004 0.6634907407407408 0.024265624999999957 0.0452314814814814
3 0.42496354166666667 0.6503981481481481 0.022942708333333308 0.04578703703703708
3 0.37981770833333334 0.6578796296296296 0.02280208333333332 0.034083333333333285
0 0.3726302083333334 0.47706481481481483 0.02138020833333331 0.03551851851851843
2 0.414203125 0.571712962962963 0.02166666666666662 0.046611111111111034
0 0.3717083333333333 0.44280555555555556 0.027015624999999942 0.03372222222222218
3 0.3822291666666667 0.5162222222222222 0.021817708333333387 0.04189814814814815
4 0.29270833333333335 0.472287037037037 0.020692708333333344 0.04013888888888891
3 0.40186458333333336 0.6484259259259259 0.022312499999999957 0.03431481481481476
5 0.4065364583333333 0.6158703703703704 0.023713541666666654 0.0375
3 0.30686458333333333 0.42668518518518517 0.028567708333333285 0.03649074074074071
0 0.4804375 0.5290555555555555 0.025234375000000024 0.037351851851851775
3 0.3409947916666667 0.5823148148148148 0.02752604166666662 0.03330555555555558
2 0.36442708333333335 0.5424351851851852 0.02524479166666668 0.03590740740740738
3 0.526796875 0.6278425925925927 0.019369791666666695 0.037861111111111206
4 0.34061458333333333 0.4753240740740741 0.02744791666666669 0.036388888888888846
4 0.29624999999999996 0.556787037037037 0.02570312499999995 0.03370370370370379
4 0.3382135416666667 0.5471388888888888 0.025020833333333315 0.03158333333333324
4 0.3181614583333333 0.569574074074074 0.022135416666666668 0.03466666666666672
4 0.3136875 0.48465740740740737 0.02248437500000004 0.038814814814814885
3 0.32434375 0.45078703703703704 0.020151041666666696 0.02946296296296301
4 0.3596822916666667 0.5034074074074074 0.021223958333333334 0.03339814814814809
4 0.3338229166666667 0.5124351851851852 0.03184895833333338 0.035379629629629664
0 0.43872395833333333 0.5665925925925925 0.024265624999999957 0.03699074074074078
0 0.40270312500000005 0.535787037037037 0.020890624999999947 0.04093518518518522