2 0.38555729166666663 0.4142777777777778 0.022786458333333332 0.04349074074074077
2 0.5316666666666666 0.3151296296296296 0.023609374999999964 0.04026851851851853
2 0.5463333333333333 0.5285370370370371 0.026500000000000058 0.04128703703703696
2 0.41668229166666665 0.36975925925925923 0.028182291666666616 0.037055555555555536
5 0.4849947916666667 0.6489907407407407 0.022848958333333277 0.045731481481481574
2 0.47415104166666666 0.48951851851851846 0.02476041666666665 0.037731481481481484
2 0.5384739583333332 0.3616388888888889 0.027213541666666667 0.037453703703703746
0 0.5104427083333333 0.6000277777777777 0.02510416666666669 0.04113888888888895
5 0.4760520833333333 0.6895462962962964 0.021223958333333334 0.038740740740740666
1 0.508265625 0.5346481481481481 0.029843749999999978 0.034037037037037025
3 0.45508333333333334 0.6938981481481481 0.020213541666666637 0.03848148148148143
5 0.4219375 0.49638888888888894 0.02063541666666661 0.03480555555555548
3 0.4251614583333333 0.696962962962963 0.025984375000000053 0.04301851851851855
0 0.5457447916666667 0.4446296296296296 0.023057291666666656 0.042240740740740745
5 0.36966145833333336 0.5833981481481482 0.025895833333333347 0.042712962962963064
1 0.5435729166666667 0.5724444444444444 0.024812499999999935 0.03894444444444439
1 0.545078125 0.6162685185185186 0.020687499999999897 0.037342592592592525
4 0.4590625 0.3117777777777778 0.02127083333333329 0.033777777777777795
3 0.42480729166666664 0.6503425925925926 0.022838541666666618 0.04562037037037035
2 0.4305572916666666 0.6053148148148149 0.025520833333333333 0.04277777777777782
2 0.4448697916666667 0.49710185185185185 0.021744791666666666 0.036138888888888866
0 0.45157291666666666 0.5351203703703703 0.02440624999999995 0.03770370370370373
5 0.39272916666666663 0.5777685185185185 0.01954166666666666 0.04424074074074071
3 0.4956197916666667 0.7031851851851852 0.020963541666666665 0.04090740740740747
4 0.2873072916666667 0.6016296296296296 0.02709895833333332 0.03519444444444444
5 0.4473125 0.6450462962962963 0.021645833333333305 0.0492407407407408
5 0.3440572916666667 0.43596296296296294 0.022000000000000006 0.03389814814814816
0 0.46944270833333335 0.57975 0.02415104166666661 0.0492037037037038
1 0.49550520833333334 0.569675925925926 0.02563541666666668 0.035731481481481406
0 0.43874479166666663 0.5664722222222222 0.02417708333333337 0.03761111111111101
3 0.3068854166666667 0.4265185185185185 0.028463541666666713 0.036398148148148096
2 0.3047239583333334 0.5206944444444445 0.026265625000000032 0.040787037037037
0 0.512640625 0.6575648148148148 0.022276041666666656 0.03617592592592587
3 0.39789583333333334 0.490324074074074 0.024270833333333287 0.04788888888888891
3 0.3319010416666667 0.6160833333333333 0.023802083333333356 0.035972222222222135
0 0.49446875 0.4398518518518519 0.021812500000000058 0.04628703703703704
0 0.37880729166666666 0.6159537037037037 0.024130208333333295 0.03719444444444451
3 0.3971822916666667 0.68275 0.03192708333333331 0.0375
5 0.4264427083333333 0.5313796296296296 0.023505208333333392 0.03448148148148149
0 0.49770833333333336 0.4868611111111111 0.02095312500000001 0.04019444444444452
2 0.4142708333333333 0.5716481481481481 0.021880208333333328 0.04694444444444449
0 0.3717760416666666 0.44274074074074077 0.027151041666666723 0.0338148148148148
0 0.3726770833333333 0.4766666666666666 0.021484375 0.03561111111111114
3 0.382296875 0.5162777777777778 0.02205729166666662 0.0419629629629629
4 0.292703125 0.47250000000000003 0.020864583333333304 0.04033333333333339
0 0.40268229166666664 0.536037037037037 0.02084895833333332 0.040120370370370306
5 0.40665104166666666 0.6161296296296296 0.024249999999999973 0.03718518518518526
3 0.2865989583333333 0.6635462962962962 0.024026041666666723 0.04487962962962966
3 0.3799427083333333 0.6575092592592593 0.02311458333333339 0.03372222222222229
4 0.34082291666666664 0.4753981481481481 0.027374999999999972 0.03609259259259261
2 0.36444270833333337 0.5423055555555556 0.02495312500000004 0.03594444444444438
3 0.34110416666666665 0.5823333333333333 0.027723958333333344 0.03333333333333333
0 0.4804375 0.5293888888888889 0.025062499999999942 0.0371388888888888
4 0.3179895833333333 0.5696666666666667 0.02179687499999995 0.03528703703703694
3 0.4018125 0.6485462962962962 0.0222291666666667 0.03365740740740732
4 0.31355208333333334 0.48488888888888887 0.023177083333333334 0.039361111111111104
3 0.5269010416666666 0.627787037037037 0.01939062500000001 0.038407407407407425
4 0.296375 0.5563240740740741 0.025062499999999942 0.03362962962962957
4 0.3338177083333333 0.5123333333333334 0.03115104166666664 0.03623148148148158
3 0.32453645833333333 0.4509444444444444 0.019864583333333387 0.02985185185185186
4 0.35957812499999997 0.503824074074074 0.021562500000000047 0.03262037037037039
4 0.3385052083333333 0.5471296296296296 0.024729166666666677 0.03195370370370369
1 0.5209947916666666 0.4903888888888889 0.024307291666666706 0.037351851851851775