2 0.38551562500000003 0.4145092592592593 0.022770833333333348 0.042888888888888935
2 0.41674479166666667 0.3703796296296296 0.02813020833333333 0.03737037037037038
2 0.5315625 0.3152685185185185 0.0237916666666667 0.03983333333333332
2 0.5461145833333333 0.5283055555555556 0.026651041666666705 0.0412037037037037
5 0.48515625 0.6488425925925926 0.023093749999999958 0.0455740740740741
2 0.5384166666666667 0.36198148148148146 0.02713020833333341 0.037574074074074114
0 0.5103802083333333 0.5997222222222223 0.02504166666666663 0.04061111111111102
2 0.4739947916666667 0.48971296296296296 0.02467708333333339 0.0375
5 0.47625 0.6895370370370371 0.021656249999999964 0.039046296296296364
3 0.42511458333333335 0.6969444444444445 0.025989583333333382 0.04251851851851859
1 0.5451510416666667 0.6158796296296296 0.020624999999999952 0.03750925925925925
5 0.3695833333333333 0.5832962962962963 0.026000000000000037 0.042500000000000086
1 0.5081458333333333 0.5347314814814814 0.02958333333333331 0.0338518518518518
3 0.45522916666666663 0.6939814814814815 0.02024479166666661 0.038703703703703664
0 0.5456145833333333 0.4446111111111111 0.022885416666666696 0.042222222222222244
3 0.42498958333333337 0.6500648148148148 0.022812499999999975 0.045750000000000075
0 0.4514791666666667 0.535074074074074 0.0245729166666667 0.038009259259259215
5 0.3438802083333333 0.43613888888888885 0.021973958333333363 0.03410185185185189
5 0.392703125 0.57775 0.01931249999999996 0.04395370370370373
2 0.43038020833333335 0.6052407407407407 0.025682291666666638 0.04236111111111111
4 0.2872395833333333 0.6014351851851851 0.027406249999999945 0.03520370370370369
3 0.4956979166666667 0.7029907407407407 0.020869791666666634 0.04047222222222226
5 0.4473489583333333 0.6447407407407408 0.021578125000000035 0.04950000000000004
2 0.444734375 0.49693518518518526 0.021713541666666693 0.035814814814814876
3 0.397859375 0.4904444444444444 0.023999999999999962 0.0485185185185186
5 0.42190625 0.49653703703703705 0.020874999999999963 0.03483333333333323
0 0.4693802083333333 0.5797314814814815 0.024062500000000025 0.04856481481481486
2 0.30453645833333337 0.5203333333333333 0.02609895833333328 0.041120370370370446
0 0.5129010416666666 0.6566296296296296 0.022265625 0.036351851851851844
0 0.3790104166666667 0.6156388888888888 0.02439062499999996 0.037731481481481484
3 0.33190625 0.6156851851851852 0.02357812499999999 0.03619444444444437
5 0.426375 0.53125 0.02321874999999996 0.03420370370370376
1 0.49542708333333335 0.5692777777777778 0.025697916666666622 0.035694444444444404
3 0.39722916666666663 0.6825462962962963 0.03183854166666673 0.038027777777777716
3 0.3819895833333333 0.5162314814814815 0.02184375000000003 0.04217592592592588
0 0.49446875 0.44007407407407406 0.021671874999999948 0.046314814814814795
3 0.30689062500000003 0.42671296296296296 0.02882812499999995 0.03681481481481481
0 0.480390625 0.5291388888888889 0.025302083333333295 0.037092592592592545
2 0.41417708333333336 0.5714074074074074 0.021786458333333297 0.046425925925926016
0 0.4977239583333333 0.4869814814814815 0.02123437499999999 0.03955555555555558
0 0.3725104166666667 0.47675 0.021395833333333295 0.0356388888888889
5 0.4067604166666667 0.6159814814814815 0.023489583333333286 0.03770370370370373
2 0.364328125 0.5422592592592592 0.025479166666666705 0.03561111111111114
4 0.29630729166666664 0.5563981481481481 0.02524479166666668 0.033351851851851834
3 0.379953125 0.6576018518518519 0.0230833333333333 0.03318518518518511
3 0.2866458333333333 0.6631574074074075 0.024338541666666675 0.04456481481481492
0 0.43865625 0.5665185185185185 0.024239583333333314 0.03697222222222228
0 0.3717083333333333 0.4431481481481482 0.02766145833333328 0.03466666666666672
4 0.2926197916666667 0.47231481481481485 0.020822916666666677 0.03975925925925931
4 0.340609375 0.4755277777777778 0.027369791666666643 0.03592592592592588
3 0.3409583333333333 0.582324074074074 0.027682291666666713 0.033046296296296344
3 0.5269270833333334 0.6275000000000001 0.0194583333333334 0.03853703703703694
4 0.318046875 0.5693703703703703 0.022312499999999957 0.0349351851851852
4 0.35960416666666667 0.5033703703703704 0.021145833333333287 0.033453703703703805
1 0.5434635416666667 0.5722870370370371 0.024875000000000112 0.03884259259259264
0 0.40281249999999996 0.5356944444444444 0.021083333333333343 0.04087037037037046
4 0.31355208333333334 0.4848796296296296 0.022489583333333365 0.03828703703703695
4 0.33365625 0.5122962962962962 0.03168749999999996 0.03555555555555564
3 0.3241822916666666 0.45101851851851854 0.02049999999999995 0.0294444444444444
4 0.33834895833333334 0.5469722222222222 0.02504166666666663 0.03180555555555547
3 0.4019114583333333 0.6485277777777777 0.02205208333333329 0.033777777777777795
1 0.520484375 0.490324074074074 0.024906249999999967 0.037768518518518486