2 0.3854479166666666 0.41332407407407407 0.020729166666666642 0.04572222222222222
2 0.532 0.3149444444444444 0.02397916666666665 0.03983333333333332
2 0.5457968750000001 0.5282222222222223 0.026890625000000057 0.041685185185185165
0 0.510125 0.5997037037037036 0.02518749999999995 0.04137962962962968
3 0.4252708333333333 0.6967777777777777 0.02571354166666661 0.04287962962962958
5 0.36950000000000005 0.5831296296296296 0.026041666666666668 0.042814814814814826
5 0.48514583333333333 0.649175925925926 0.02246875000000005 0.04724074074074072
2 0.5384375 0.36174074074074075 0.02713020833333341 0.037749999999999985
1 0.49526041666666665 0.5685092592592592 0.025796874999999986 0.037675925925925974
5 0.39259374999999996 0.5774166666666667 0.01928124999999999 0.044398148148148193
3 0.424859375 0.6499444444444445 0.022432291666666635 0.04620370370370379
2 0.4735416666666667 0.48928703703703696 0.025026041666666644 0.03737962962962953
0 0.5452760416666667 0.44455555555555554 0.023083333333333417 0.04232407407407411
1 0.507734375 0.5344074074074073 0.02971874999999997 0.03399074074074077
5 0.476328125 0.6894907407407407 0.022031249999999978 0.03866666666666666
1 0.5433697916666667 0.5722870370370371 0.024942708333333268 0.03889814814814814
3 0.4959635416666667 0.7030462962962962 0.020994791666666637 0.04064814814814823
5 0.42143749999999996 0.4963148148148148 0.021291666666666723 0.03530555555555566
2 0.43032291666666667 0.6048055555555556 0.025588541666666725 0.04236111111111111
3 0.4552395833333333 0.6935185185185185 0.01998958333333339 0.03852777777777768
0 0.4514166666666667 0.5349074074074075 0.024385416666666635 0.03816666666666669
2 0.3041302083333333 0.5198333333333333 0.02623958333333339 0.04089814814814822
1 0.545140625 0.6157407407407407 0.02060416666666664 0.03778703703703699
2 0.44408854166666667 0.49704629629629626 0.021395833333333295 0.035777777777777874
5 0.34360416666666665 0.43575 0.022109375000000025 0.03374074074074079
5 0.40647916666666667 0.6156666666666666 0.02354166666666669 0.03789814814814821
0 0.46918750000000004 0.5793888888888888 0.024203125000000013 0.048768518518518586
5 0.42619270833333334 0.5309722222222223 0.023484374999999957 0.03412962962962954
3 0.39752604166666666 0.4902222222222223 0.024234374999999985 0.04843518518518514
0 0.43825520833333337 0.5660833333333334 0.023838541666666657 0.03700000000000003
4 0.2866666666666667 0.6009629629629629 0.027046875000000033 0.03483333333333323
3 0.286421875 0.6627685185185185 0.023776041666666713 0.04405555555555549
5 0.4472552083333333 0.644537037037037 0.021786458333333297 0.049962962962962994
3 0.38165104166666663 0.5160648148148148 0.021869791666666673 0.04214814814814813
3 0.39747916666666666 0.6828240740740741 0.03216145833333333 0.03784259259259249
3 0.3316614583333333 0.6156018518518519 0.023697916666666666 0.03587037037037038
0 0.4973125 0.48644444444444446 0.020869791666666634 0.039490740740740826
0 0.37877083333333333 0.6151481481481481 0.02451041666666664 0.03730555555555552
2 0.41405729166666666 0.571574074074074 0.021572916666666705 0.04656481481481478
0 0.49395833333333333 0.4397962962962963 0.021932291666666614 0.04626851851851854
0 0.40245833333333336 0.5354629629629629 0.020687500000000015 0.03988888888888882
3 0.3065 0.4267314814814815 0.028244791666666675 0.03654629629629632
0 0.5126145833333333 0.657074074074074 0.022296874999999973 0.03621296296296287
2 0.36400520833333333 0.5421759259259259 0.02528645833333331 0.036731481481481545
4 0.2923489583333333 0.47221296296296295 0.021213541666666676 0.03951851851851858
4 0.2960052083333334 0.5563981481481481 0.02540104166666666 0.03416666666666675
4 0.3403333333333334 0.4755277777777778 0.027406249999999945 0.03685185185185181
3 0.34088541666666666 0.5821574074074074 0.027411458333333392 0.03299074074074084
3 0.5268177083333333 0.6275092592592593 0.019510416666666686 0.03796296296296296
3 0.40211979166666667 0.6484259259259259 0.02213020833333334 0.033092592592592604
0 0.37144791666666666 0.4431759259259259 0.027437500000000035 0.0349166666666667
3 0.3801770833333334 0.6577685185185185 0.022526041666666666 0.033472222222222306
4 0.33319791666666665 0.5125925925925926 0.03201041666666669 0.03564814814814815
4 0.31303125 0.4844444444444445 0.022927083333333324 0.03845370370370368
3 0.32395833333333335 0.45092592592592595 0.020802083333333363 0.028768518518518565
4 0.31784375 0.5696203703703704 0.021619791666666662 0.03478703703703698
4 0.35946354166666666 0.5033148148148149 0.021260416666666632 0.033777777777777795
4 0.33818750000000003 0.5471203703703703 0.024885416666666653 0.031175925925925992
0 0.479875 0.529074074074074 0.025484375000000035 0.036666666666666584
0 0.37207291666666664 0.47603703703703704 0.021109374999999986 0.03319444444444436
1 0.5205833333333333 0.4901018518518518 0.02585937500000005 0.03697222222222228