2 0.5465989583333334 0.5284722222222222 0.026833333333333324 0.04161111111111116
0 0.510546875 0.5998796296296296 0.02506770833333339 0.04097222222222222
5 0.48520833333333335 0.6498518518518519 0.022682291666666642 0.047453703703703706
2 0.5314791666666667 0.3149351851851852 0.023682291666666563 0.04025000000000002
1 0.5210989583333333 0.4902222222222223 0.026093749999999954 0.03737962962962953
1 0.508421875 0.5346574074074074 0.029911458333333366 0.03384259259259255
3 0.42501041666666667 0.6971296296296297 0.0258177083333333 0.04235185185185186
3 0.45500520833333336 0.694037037037037 0.0203489583333333 0.03884259259259264
3 0.4248958333333333 0.6503055555555556 0.02272916666666672 0.04514814814814814
2 0.30206770833333335 0.5295740740740741 0.026687500000000006 0.03892592592592589
2 0.4743229166666667 0.4895370370370371 0.025052083333333287 0.037685185185185224
5 0.369953125 0.5853148148148148 0.02603125000000001 0.04147222222222219
1 0.5437291666666667 0.5723055555555556 0.02478645833333341 0.03901851851851861
2 0.5383020833333333 0.3618148148148148 0.027260416666666742 0.03794444444444446
2 0.44497395833333336 0.49749074074074073 0.021875 0.036361111111111094
5 0.47610416666666666 0.6897037037037037 0.021786458333333297 0.03779629629629624
3 0.4955 0.7033240740740742 0.021442708333333373 0.04094444444444447
0 0.4517291666666667 0.534962962962963 0.024515624999999968 0.03771296296296298
5 0.4231666666666667 0.4964537037037037 0.021145833333333287 0.0345555555555555
2 0.43070833333333336 0.6052777777777778 0.02559895833333338 0.04301851851851855
0 0.545734375 0.44434259259259257 0.022875000000000038 0.04236111111111111
5 0.33913020833333335 0.449037037037037 0.022890625000000022 0.03184259259259258
3 0.38056770833333337 0.5174537037037037 0.024156250000000056 0.038740740740740666
5 0.39300520833333336 0.5775 0.019505208333333357 0.04407407407407399
0 0.5125260416666666 0.6575 0.02216145833333331 0.03624074074074083
5 0.44748958333333333 0.6452592592592593 0.021619791666666662 0.05023148148148148
2 0.366046875 0.5463796296296296 0.026171875 0.036129629629629616
1 0.5452447916666666 0.6160555555555556 0.020833333333333332 0.03783333333333324
3 0.34071874999999996 0.5925 0.026083333333333295 0.03551851851851843
0 0.46970833333333334 0.5796018518518519 0.024052083333333366 0.04881481481481484
1 0.49569270833333334 0.5688148148148149 0.025895833333333347 0.03694444444444453
3 0.3973541666666666 0.6830833333333334 0.03178124999999999 0.038407407407407425
0 0.3792760416666667 0.6179074074074075 0.023421875000000016 0.038092592592592685
3 0.32811979166666666 0.6217314814814815 0.024947916666666715 0.03447222222222224
2 0.4146354166666667 0.5717407407407408 0.021958333333333375 0.04650000000000003
5 0.4274791666666667 0.5310555555555555 0.023635416666666725 0.034851851851851946
5 0.4067864583333333 0.6158703703703704 0.023812500000000014 0.03740740740740749
0 0.43897395833333336 0.566574074074074 0.024057291666666696 0.03657407407407407
0 0.4805364583333333 0.5292222222222221 0.025234375000000024 0.03698148148148153
4 0.33849999999999997 0.48608333333333337 0.029666666666666685 0.03723148148148152
0 0.36997395833333335 0.47374074074074074 0.019458333333333282 0.03717592592592601
3 0.30742708333333335 0.42430555555555555 0.02525000000000001 0.04108333333333334
0 0.3841822916666667 0.44128703703703703 0.019703124999999964 0.04714814814814811
0 0.40315104166666665 0.5360185185185184 0.021109374999999986 0.04026851851851853
3 0.28659375 0.6635277777777778 0.023927083333333363 0.044370370370370435
0 0.4945364583333333 0.43989814814814815 0.022031249999999978 0.046462962962962914
4 0.330140625 0.5215925925925926 0.02872916666666671 0.035046296296296214
4 0.2876458333333333 0.6050648148148149 0.02691145833333337 0.03462037037037046
3 0.39753645833333334 0.4921574074074074 0.024671874999999944 0.04694444444444449
3 0.5269479166666666 0.6277037037037037 0.019578125000000075 0.03816666666666669
4 0.3177864583333333 0.5722499999999999 0.022859375000000053 0.03331481481481483
4 0.29258854166666665 0.47352777777777777 0.02372395833333331 0.03816666666666669
0 0.4980260416666667 0.4869074074074074 0.020937500000000022 0.039629629629629584
3 0.37995833333333334 0.6580833333333334 0.022838541666666618 0.03354629629629631
4 0.3561197916666667 0.5142685185185185 0.023593749999999976 0.03201851851851845
4 0.293875 0.5691851851851852 0.024531249999999952 0.034981481481481454
3 0.3189322916666667 0.4564722222222222 0.017645833333333392 0.03186111111111108
4 0.33978125 0.5566944444444445 0.02553124999999999 0.03232407407407415
3 0.40210416666666665 0.6487037037037037 0.021932291666666614 0.03360185185185182
4 0.31073958333333335 0.4932037037037037 0.023942708333333347 0.03850925925925918