2 0.5318385416666668 0.315 0.023739583333333297 0.03993518518518518
2 0.5463125000000001 0.5285925925925926 0.026531250000000027 0.041416666666666685
1 0.5206562499999999 0.4904537037037038 0.0262083333333333 0.03739814814814824
2 0.3006197916666667 0.5265277777777777 0.02538020833333334 0.04157407407407416
3 0.4250989583333334 0.6970648148148149 0.025953124999999962 0.04244444444444437
2 0.47402083333333334 0.4898518518518518 0.02486458333333334 0.03796296296296296
0 0.51025 0.6003148148148149 0.025119791666666676 0.041731481481481425
5 0.4850052083333333 0.6493703703703704 0.022822916666666634 0.046296296296296294
2 0.538453125 0.36188888888888887 0.027114583333333307 0.03797222222222221
5 0.42284895833333336 0.4969166666666666 0.021036458333333386 0.03494444444444445
5 0.36959895833333334 0.5858148148148148 0.02580729166666664 0.04079629629629625
5 0.35678125 0.41371296296296295 0.020624999999999952 0.035259259259259296
3 0.45513020833333334 0.6941296296296297 0.020302083333333342 0.03832407407407417
1 0.5080729166666667 0.5349722222222222 0.02997395833333331 0.03447222222222224
1 0.5434895833333333 0.5726296296296297 0.02471875000000002 0.03913888888888887
5 0.476109375 0.6895925925925925 0.02179687499999995 0.038120370370370436
3 0.425015625 0.6504722222222222 0.02247395833333338 0.0455740740740741
3 0.39890624999999996 0.49148148148148146 0.025520833333333333 0.04675000000000001
4 0.3048489583333333 0.3738425925925926 0.02168750000000005 0.04353703703703702
2 0.43041666666666667 0.605175925925926 0.02623958333333339 0.042731481481481565
2 0.4448020833333333 0.4973796296296296 0.021526041666666627 0.036472222222222316
5 0.392609375 0.5777037037037037 0.019572916666666627 0.044444444444444446
3 0.340421875 0.6098425925925925 0.025296874999999965 0.04129629629629621
0 0.5455520833333334 0.4446851851851852 0.022739583333333258 0.042101851851851876
4 0.318140625 0.4986666666666666 0.024052083333333366 0.040351851851851785
0 0.45147395833333337 0.5353425925925925 0.024828125000000038 0.038092592592592685
3 0.4956041666666666 0.7032592592592593 0.0214479166666667 0.04049074074074076
1 0.5451614583333334 0.6163425925925926 0.020406249999999914 0.03771296296296298
0 0.37921875 0.6186018518518519 0.02355208333333335 0.03762037037037047
5 0.4475104166666667 0.6451574074074073 0.021812500000000058 0.04984259259259253
3 0.402109375 0.648712962962963 0.022421874999999977 0.034435185185185235
3 0.32437499999999997 0.6314814814814815 0.024088541666666668 0.03339814814814809
0 0.4693802083333333 0.5797222222222222 0.02421875 0.04858333333333336
3 0.39727604166666663 0.6830648148148148 0.03202604166666667 0.03797222222222221
3 0.3827760416666666 0.5179814814814815 0.020473958333333306 0.04522222222222215
2 0.41450000000000004 0.5719074074074074 0.022244791666666687 0.04601851851851856
0 0.5126458333333334 0.6573888888888889 0.022187499999999954 0.03657407407407407
0 0.49442187499999996 0.44025000000000003 0.02180729166666661 0.04632407407407405
0 0.38505729166666663 0.42571296296296296 0.018947916666666724 0.04940740740740742
0 0.49771875 0.48691666666666666 0.02094791666666668 0.04017592592592602
5 0.42694270833333337 0.5316388888888889 0.023812500000000014 0.03492592592592595
0 0.4029635416666667 0.5361203703703704 0.02084374999999999 0.04055555555555551
4 0.34578125 0.486462962962963 0.028432291666666623 0.039777777777777815
4 0.3410364583333333 0.5303148148148148 0.024624999999999987 0.04699999999999999
3 0.3017239583333333 0.42512962962962964 0.021312500000000036 0.031157407407407387
4 0.28494270833333335 0.6149537037037037 0.027796874999999943 0.03553703703703714
0 0.37181770833333333 0.4776203703703704 0.022213541666666715 0.03587962962962963
1 0.4954635416666667 0.5696944444444444 0.025885416666666692 0.035037037037036964
3 0.5267916666666667 0.6277407407407408 0.019859375000000058 0.03794444444444446
3 0.38005208333333335 0.6579444444444444 0.022927083333333324 0.03325925925925933
3 0.286703125 0.6640462962962963 0.023802083333333356 0.04257407407407409
4 0.339796875 0.5704259259259259 0.024552083333333384 0.03412037037037029
2 0.3673072916666667 0.5456851851851852 0.02518749999999995 0.036703703703703794
4 0.31707291666666665 0.5743611111111111 0.022708333333333285 0.03353703703703706
0 0.48031770833333337 0.5295648148148148 0.025161458333333307 0.03715740740740751
4 0.36138020833333334 0.5087777777777778 0.021244791666666648 0.03283333333333337
4 0.29496875 0.5805925925925925 0.02258854166666661 0.03976851851851856
0 0.43874479166666663 0.5667129629629629 0.02344791666666666 0.03720370370370376
5 0.4066197916666667 0.615462962962963 0.02396874999999999 0.037342592592592525