1 0.5209166666666667 0.4935 0.025968749999999947 0.03723148148148152
2 0.5375833333333334 0.3209444444444444 0.022885416666666696 0.038259259259259305
2 0.5458593749999999 0.5303796296296296 0.026682291666666677 0.04162037037037041
3 0.4232916666666667 0.650888888888889 0.022848958333333277 0.045740740740740825
5 0.48253125 0.6506203703703703 0.022890625000000022 0.04463888888888892
2 0.4738489583333333 0.4913981481481482 0.02442187500000005 0.03700000000000003
5 0.4228802083333333 0.49675 0.02084374999999999 0.03456481481481475
5 0.44578124999999996 0.6460925925925926 0.021036458333333386 0.04838888888888888
5 0.36873958333333334 0.5841111111111111 0.025880208333333363 0.041120370370370446
2 0.30046354166666667 0.5229444444444444 0.024828125000000038 0.04251851851851859
0 0.50940625 0.6029074074074074 0.024276041666666616 0.0419259259259259
3 0.4521979166666667 0.6949537037037037 0.020197916666666652 0.0381851851851852
5 0.35727604166666665 0.41178703703703706 0.02077083333333339 0.03633333333333334
1 0.5416041666666668 0.5783981481481482 0.025421874999999972 0.040694444444444484
5 0.47296875 0.6908333333333333 0.02163020833333332 0.03763888888888897
2 0.5393854166666666 0.3642037037037037 0.026927083333333237 0.03892592592592589
1 0.507625 0.5380648148148148 0.02971354166666664 0.03357407407407407
3 0.4227447916666666 0.6971851851851852 0.025192708333333275 0.04213888888888888
2 0.4447604166666667 0.4982685185185185 0.021526041666666627 0.037018518518518534
5 0.39196875000000003 0.5771944444444445 0.01911458333333336 0.04513888888888889
0 0.5459427083333334 0.449 0.022875000000000038 0.04176851851851853
0 0.43817708333333333 0.5671759259259259 0.023177083333333334 0.03779629629629624
4 0.29282291666666665 0.5730925925925926 0.022104166666666696 0.037435185185185245
0 0.45122395833333334 0.5364444444444445 0.024598958333333344 0.037453703703703746
3 0.39906250000000004 0.4908611111111111 0.025255208333333338 0.047046296296296246
3 0.3390833333333333 0.6077314814814815 0.02528645833333331 0.041675925925925915
2 0.42932812499999995 0.6062685185185185 0.025687499999999967 0.04374074074074075
1 0.4947708333333333 0.572037037037037 0.025937499999999978 0.036666666666666584
3 0.49283333333333335 0.7053703703703703 0.02168750000000005 0.04025925925925928
0 0.468671875 0.5815555555555556 0.023953125000000006 0.04849074074074064
0 0.377890625 0.6176018518518518 0.02364583333333338 0.03656481481481482
3 0.32340104166666667 0.6290185185185185 0.024359374999999992 0.033129629629629606
0 0.4946927083333333 0.44239814814814815 0.02180729166666661 0.04734259259259259
3 0.39515625000000004 0.6826574074074074 0.03200000000000003 0.03816666666666669
4 0.3179739583333333 0.49522222222222223 0.023848958333333316 0.03950925925925933
3 0.2881354166666667 0.4707222222222222 0.01939062500000001 0.034851851851851946
2 0.41384375 0.5721203703703703 0.02236458333333336 0.04602777777777781
3 0.38254166666666667 0.5168796296296296 0.0206666666666667 0.04517592592592589
0 0.3856875 0.42415740740740737 0.019052083333333296 0.04843518518518524
2 0.3668802083333333 0.5438888888888889 0.02496875000000003 0.03633333333333334
5 0.42659895833333333 0.5321203703703704 0.023744791666666622 0.034981481481481454
3 0.28480208333333334 0.6598055555555555 0.024885416666666653 0.04284259259259258
3 0.5253541666666667 0.6312037037037037 0.01935416666666671 0.0382222222222222
4 0.34078125 0.5268148148148148 0.02431770833333336 0.04892592592592585
4 0.34583854166666667 0.484287037037037 0.028390624999999996 0.03885185185185189
3 0.37840625 0.6564444444444445 0.022927083333333324 0.034175925925926
0 0.40305729166666665 0.5356944444444444 0.02069791666666667 0.040370370370370286
4 0.2834114583333333 0.6073333333333333 0.02602604166666668 0.03722222222222227
0 0.4799583333333333 0.5314444444444445 0.024526041666666623 0.0374814814814815
1 0.5441666666666667 0.6210740740740741 0.020130208333333382 0.03547222222222217
0 0.3720416666666667 0.47602777777777777 0.022109375000000025 0.03483333333333323
3 0.4006770833333333 0.6483148148148148 0.021822916666666713 0.034981481481481454
0 0.497734375 0.4900925925925925 0.020864583333333304 0.03946296296296286
4 0.33911979166666667 0.568037037037037 0.024411458333333278 0.034101851851851786
4 0.31665625000000003 0.5712314814814814 0.022385416666666675 0.03428703703703701
4 0.36106770833333335 0.5072777777777778 0.021468750000000016 0.03257407407407413
0 0.5108541666666667 0.6606296296296297 0.022250000000000013 0.0364351851851851
5 0.40575 0.6155462962962963 0.02344270833333333 0.036731481481481545