2 0.5454843749999999 0.5307222222222222 0.02698437499999997 0.04117592592592595
2 0.5379270833333333 0.3216388888888889 0.023171874999999887 0.037444444444444495
5 0.48226562500000003 0.6504444444444445 0.02272916666666672 0.044666666666666674
5 0.36836979166666667 0.5841111111111111 0.026197916666666644 0.040749999999999995
0 0.509296875 0.6028888888888889 0.02408333333333334 0.04187962962962965
5 0.4728333333333333 0.6905648148148148 0.021791666666666622 0.0375555555555555
1 0.5209114583333334 0.49345370370370367 0.025692708333333297 0.03665740740740733
5 0.4455989583333333 0.6457037037037037 0.02109375 0.04772222222222219
1 0.5414635416666667 0.5782685185185185 0.025479166666666705 0.04067592592592598
5 0.391859375 0.5775462962962963 0.019130208333333343 0.045712962962962865
2 0.44461979166666665 0.4985833333333334 0.02194791666666672 0.03665740740740733
1 0.5074791666666667 0.538324074074074 0.029791666666666692 0.03340740740740734
3 0.4521145833333333 0.6950000000000001 0.020125000000000053 0.0385648148148149
2 0.47347395833333333 0.49138888888888893 0.024166666666666715 0.036675925925925834
1 0.494359375 0.5723425925925926 0.026093749999999954 0.03544444444444442
2 0.30034374999999996 0.5231203703703704 0.025125000000000005 0.042750000000000066
2 0.5394322916666667 0.36485185185185187 0.02695833333333345 0.039518518518518474
0 0.4379427083333333 0.5673240740740741 0.02364062500000005 0.03784259259259249
0 0.46856770833333333 0.5815740740740741 0.023890624999999943 0.04861111111111111
3 0.39864062499999997 0.49101851851851847 0.025369791666666686 0.04719444444444447
0 0.545890625 0.44958333333333333 0.023348958333333295 0.041555555555555554
3 0.4225572916666666 0.697 0.02496875000000003 0.04243518518518512
3 0.28794270833333335 0.47075000000000006 0.019119791666666684 0.03429629629629626
0 0.377765625 0.6171111111111112 0.023927083333333363 0.03719444444444451
5 0.4262708333333334 0.5322222222222222 0.02368750000000001 0.03501851851851846
2 0.42901041666666667 0.6060185185185185 0.02595833333333329 0.044009259259259234
5 0.405421875 0.6155740740740742 0.023317708333333322 0.03562037037037039
3 0.49272916666666666 0.7052314814814815 0.021531249999999957 0.04014814814814806
5 0.4226145833333333 0.4974351851851852 0.021552083333333392 0.03512037037037043
4 0.31770312500000003 0.4949907407407408 0.023770833333333387 0.03884259259259264
1 0.5440052083333333 0.6206666666666667 0.02038020833333339 0.03615740740740737
0 0.4510520833333333 0.5364629629629629 0.02506770833333339 0.038074074074073976
0 0.5108072916666667 0.6602222222222222 0.021885416666666657 0.03658333333333332
3 0.338890625 0.6076481481481482 0.02517187499999996 0.04193518518518515
0 0.37182291666666667 0.4757777777777778 0.022578124999999952 0.03527777777777769
4 0.3404947916666667 0.5275277777777778 0.024104166666666652 0.04773148148148144
0 0.4945364583333333 0.44242592592592594 0.021812500000000058 0.0470740740740741
3 0.32299479166666667 0.6291666666666667 0.024026041666666723 0.03331481481481483
4 0.2834114583333333 0.6075185185185186 0.02610416666666661 0.0374814814814815
3 0.394984375 0.6826111111111112 0.032479166666666615 0.03759259259259251
0 0.479984375 0.5314537037037037 0.024546875000000058 0.037694444444444475
2 0.4135520833333333 0.571712962962963 0.02248437500000004 0.04583333333333333
3 0.2846822916666667 0.6598425925925926 0.024734375000000006 0.042481481481481585
4 0.3456354166666667 0.48435185185185187 0.028713541666666724 0.03956481481481483
2 0.3664479166666667 0.544175925925926 0.024869791666666665 0.03662962962962958
3 0.52521875 0.6311111111111112 0.019489583333333373 0.03783333333333324
3 0.4007760416666667 0.6485925925925926 0.022614583333333372 0.03617592592592587
0 0.40267708333333335 0.5357962962962962 0.020973958333333324 0.03966666666666659
3 0.37838541666666664 0.6561666666666667 0.02315104166666669 0.03365740740740732
3 0.3823489583333333 0.5170740740740741 0.02053125000000004 0.045009259259259166
3 0.42315625 0.650962962962963 0.022927083333333324 0.04512962962962964
4 0.3388385416666667 0.5681574074074074 0.024208333333333342 0.03360185185185182
4 0.31655729166666663 0.5714907407407408 0.022854166666666724 0.03352777777777781
0 0.497703125 0.49034259259259266 0.020583333333333325 0.03987962962962957
4 0.3607552083333333 0.5075555555555555 0.02190624999999997 0.03189814814814819
4 0.2925364583333333 0.5717592592592593 0.020833333333333332 0.041666666666666664