2 0.5379010416666666 0.3213148148148148 0.023145833333333362 0.037444444444444495
2 0.46934375 0.4899444444444444 0.02422395833333333 0.03663888888888883
1 0.506921875 0.5399907407407408 0.029109375000000052 0.03487037037037045
2 0.5452656250000001 0.5304907407407407 0.02635416666666662 0.04290740740740733
0 0.5093958333333333 0.6030277777777777 0.024135416666666624 0.0419074074074074
5 0.36847395833333335 0.5841759259259259 0.02592187499999999 0.0408055555555555
5 0.48243749999999996 0.6503611111111111 0.022786458333333332 0.044703703703703676
5 0.4227708333333334 0.49686111111111114 0.02138020833333331 0.034842592592592696
5 0.47293749999999996 0.6904629629629631 0.02170312500000004 0.03750925925925925
2 0.539546875 0.3645277777777778 0.027000000000000076 0.039398148148148106
5 0.39180729166666667 0.5774074074074075 0.019151041666666656 0.04583333333333333
0 0.5458072916666666 0.4491759259259259 0.02329687500000001 0.0422685185185185
3 0.4231875 0.6509351851851852 0.0230104166666667 0.04562037037037035
2 0.30023958333333334 0.5231759259259259 0.02517187499999996 0.042740740740740815
3 0.39861979166666667 0.4906481481481481 0.02510416666666669 0.04764814814814818
5 0.44560416666666663 0.6456388888888889 0.021223958333333334 0.04761111111111118
3 0.45207291666666666 0.6951296296296297 0.020010416666666704 0.0382222222222222
3 0.4227135416666667 0.6970555555555557 0.025322916666666608 0.04244444444444437
3 0.2879375 0.4707314814814815 0.019088541666666715 0.034342592592592515
0 0.43810937499999997 0.5674166666666666 0.02372395833333331 0.037759259259259235
0 0.4510416666666667 0.536425925925926 0.024833333333333367 0.037990740740740714
2 0.4289479166666667 0.6060648148148148 0.025947916666666633 0.04380555555555551
1 0.4942604166666667 0.5722685185185185 0.025390625 0.03562037037037039
4 0.31757291666666665 0.49491666666666667 0.023692708333333336 0.03926851851851859
0 0.4685833333333333 0.5816851851851852 0.023953125000000006 0.0485000000000001
0 0.3779427083333333 0.6172222222222222 0.02401041666666662 0.036796296296296306
3 0.33884375 0.6075 0.02514062499999999 0.04214814814814813
0 0.5109270833333334 0.6603888888888889 0.021859375000000014 0.03669444444444454
1 0.5439166666666666 0.6205925925925926 0.02033854166666676 0.03652777777777782
3 0.492734375 0.7056574074074075 0.021531249999999957 0.03987962962962957
3 0.3823958333333334 0.5169814814814815 0.020453124999999992 0.04545370370370363
3 0.32309895833333335 0.6288611111111111 0.024411458333333278 0.03329629629629633
5 0.4263125 0.5320925925925926 0.023624999999999948 0.03490740740740745
2 0.4447604166666667 0.4981388888888889 0.021791666666666622 0.037018518518518534
0 0.3719635416666666 0.47594444444444445 0.022140624999999994 0.0356574074074074
0 0.4797083333333333 0.5309444444444444 0.024442708333333365 0.038962962962962894
3 0.39503125 0.6826574074074074 0.03248958333333339 0.03834259259259267
4 0.34036458333333336 0.5272222222222221 0.02421354166666667 0.04872222222222212
4 0.2834479166666667 0.6075648148148147 0.025885416666666692 0.037694444444444475
2 0.3666145833333333 0.543962962962963 0.02481770833333338 0.03653703703703707
2 0.4135677083333333 0.5718425925925926 0.0223020833333333 0.04588888888888884
3 0.2847604166666667 0.6595925925925926 0.02468229166666672 0.042398148148148115
4 0.34559375 0.4838240740740741 0.02861979166666669 0.03900925925925936
3 0.525390625 0.6311481481481481 0.01943229166666664 0.03793518518518521
3 0.3784166666666666 0.6565462962962964 0.023145833333333362 0.03428703703703701
0 0.40280208333333334 0.5357222222222222 0.021213541666666676 0.04092592592592597
4 0.29260937499999995 0.572787037037037 0.022536458333333325 0.03712962962962955
4 0.3387864583333334 0.568037037037037 0.024770833333333304 0.03398148148148152
3 0.40048437499999995 0.6483518518518518 0.02158333333333336 0.03496296296296295
5 0.405578125 0.6154074074074074 0.02361458333333329 0.036388888888888846
4 0.31628125 0.5711944444444444 0.022598958333333384 0.033787037037037046
0 0.49184375 0.49343518518518514 0.020833333333333332 0.04093518518518522
4 0.3608541666666667 0.5072129629629629 0.021515624999999972 0.03159259259259249
1 0.523546875 0.5043888888888889 0.026187500000000103 0.03548148148148142
1 0.542171875 0.5779537037037038 0.02573958333333337 0.039731481481481555