0 0.5092708333333333 0.6029074074074074 0.024015624999999947 0.041694444444444416
2 0.5452083333333333 0.5303796296296296 0.026385416666666592 0.04301851851851855
5 0.36832291666666667 0.5839629629629629 0.02602604166666668 0.04087037037037046
2 0.4692604166666667 0.4895740740740741 0.024135416666666624 0.03617592592592587
1 0.50696875 0.5400277777777778 0.02894791666666663 0.03462037037037046
5 0.4227239583333333 0.4969259259259259 0.021229166666666664 0.035379629629629664
5 0.4823125 0.6504351851851852 0.022833333333333292 0.044999999999999915
3 0.4230625 0.6509444444444444 0.022817708333333304 0.04528703703703711
0 0.437875 0.5668981481481481 0.02354166666666669 0.03867592592592591
2 0.5393541666666667 0.36474074074074075 0.027072916666666676 0.04043518518518515
5 0.4727864583333333 0.6907777777777777 0.021937499999999943 0.03758333333333326
3 0.4520416666666666 0.6950000000000001 0.020088541666666633 0.038037037037036966
5 0.39170312500000004 0.5773518518518518 0.019255208333333346 0.0459537037037038
3 0.39859374999999997 0.490537037037037 0.025229166666666695 0.04792592592592592
4 0.2925989583333333 0.5727222222222222 0.022505208333333353 0.037731481481481484
5 0.44559374999999996 0.6458148148148148 0.02137499999999998 0.0481759259259259
2 0.30019270833333334 0.5229722222222222 0.025057291666666613 0.042685185185185104
1 0.4941875 0.5726481481481481 0.02549479166666669 0.03621296296296287
0 0.468421875 0.5818148148148148 0.024015624999999947 0.04857407407407411
2 0.44454166666666667 0.49807407407407406 0.021463541666666686 0.036777777777777805
4 0.317625 0.4946759259259259 0.023666666666666693 0.03912037037037037
0 0.45087499999999997 0.5365648148148148 0.024661458333333285 0.038388888888888924
3 0.338734375 0.6076018518518519 0.025552083333333305 0.04212962962962963
3 0.4927604166666667 0.7055185185185185 0.021880208333333328 0.04031481481481478
2 0.42890625 0.6060462962962962 0.02563541666666668 0.04413888888888896
3 0.28784375 0.4707222222222222 0.01931770833333329 0.034740740740740725
0 0.37782812499999996 0.6172592592592593 0.023734374999999967 0.037435185185185245
1 0.523421875 0.5040092592592593 0.026328125000000095 0.03660185185185183
3 0.32287499999999997 0.6288518518518518 0.024171875000000044 0.033750000000000044
0 0.37161979166666664 0.47550925925925924 0.022208333333333385 0.03586111111111113
3 0.395015625 0.6828425925925926 0.03257812499999998 0.0386018518518519
0 0.4797291666666667 0.5311759259259259 0.024354166666666663 0.03920370370370363
3 0.3821979166666667 0.5169537037037036 0.020796875000000034 0.0455555555555556
0 0.49182291666666667 0.49341666666666667 0.020979166666666653 0.04087962962962972
2 0.537921875 0.32089814814814815 0.02305208333333345 0.03684259259259256
5 0.4262552083333333 0.5320277777777778 0.023989583333333304 0.03502777777777771
2 0.366453125 0.5439166666666666 0.02496875000000003 0.036361111111111094
4 0.2834010416666667 0.609462962962963 0.026734374999999963 0.037027777777777784
1 0.543875 0.6206759259259259 0.02017708333333322 0.035953703703703634
0 0.402828125 0.5356851851851852 0.02038541666666672 0.04017592592592602
3 0.2847864583333333 0.6599351851851852 0.02486458333333334 0.04277777777777782
2 0.4133229166666667 0.5716018518518519 0.022151041666666652 0.04618518518518529
4 0.34046875000000004 0.5273055555555556 0.024203125000000013 0.04826851851851862
4 0.3453333333333333 0.4838148148148148 0.028354166666666694 0.03950000000000008
3 0.5252239583333334 0.631425925925926 0.01977604166666668 0.03831481481481491
3 0.37834375 0.6562407407407408 0.02289583333333335 0.03448148148148149
3 0.40046875 0.6483611111111112 0.02190104166666664 0.034990740740740704
4 0.3386927083333333 0.5679814814814814 0.02432812500000002 0.034101851851851786
1 0.54140625 0.5780092592592593 0.025161458333333307 0.040749999999999995
4 0.316359375 0.571138888888889 0.02269791666666663 0.03371296296296304
4 0.36059375 0.5076574074074074 0.021671874999999948 0.03093518518518526
0 0.5108229166666667 0.6606018518518519 0.02211979166666668 0.03623148148148158
3 0.423140625 0.6981666666666666 0.023567708333333333 0.04189814814814815
5 0.40535937499999997 0.6151296296296297 0.02656770833333333 0.03732407407407402