3 0.3413541666666667 0.5402407407407408 0.026093749999999954 0.04451851851851845
0 0.42042708333333334 0.6195462962962963 0.025942708333333304 0.04482407407407415
5 0.547265625 0.5453425925925927 0.026124999999999923 0.03661111111111108
3 0.3952916666666667 0.5315555555555556 0.026338541666666635 0.03961111111111108
0 0.3832552083333333 0.6795 0.022395833333333334 0.04658333333333328
5 0.41980729166666664 0.5345833333333333 0.022713541666666615 0.04301851851851855
3 0.37484375000000003 0.49748148148148147 0.018401041666666628 0.04136111111111118
5 0.5269479166666666 0.6916481481481481 0.0265625 0.04325925925925928
3 0.4422083333333333 0.5657037037037037 0.01847395833333335 0.04478703703703694
3 0.30239583333333336 0.6091388888888889 0.020864583333333304 0.046731481481481506
0 0.36532812499999995 0.6288148148148148 0.024249999999999973 0.051333333333333384
1 0.4619947916666666 0.642037037037037 0.023453124999999984 0.03823148148148145
5 0.48971875 0.5173518518518518 0.024026041666666723 0.039388888888888855
5 0.5006354166666667 0.5704722222222223 0.021296875000000052 0.039407407407407356
5 0.505578125 0.6082037037037037 0.027848958333333347 0.03285185185185187
3 0.37671354166666665 0.562324074074074 0.023562500000000004 0.03386111111111105