5 0.422578125 0.5375462962962962 0.021541666666666615 0.04504629629629638
2 0.49970833333333337 0.37843518518518515 0.02365625000000004 0.03965740740740745
5 0.30209895833333333 0.4206574074074074 0.024046875000000037 0.04115740740740745
3 0.3426666666666666 0.5430462962962963 0.02617708333333333 0.044370370370370435
5 0.5486406250000001 0.5385462962962962 0.02649479166666661 0.03586111111111113
5 0.32073437499999996 0.36725 0.020578124999999996 0.04147222222222219
2 0.5063385416666667 0.2966388888888889 0.020260416666666715 0.03944444444444446
5 0.4893385416666666 0.5126666666666666 0.023468749999999972 0.039092592592592616
5 0.5308437500000001 0.6858796296296297 0.026859375000000085 0.043601851851851774
0 0.4711458333333333 0.4326388888888889 0.025333333333333385 0.037685185185185224
0 0.38683333333333336 0.6803148148148148 0.02180208333333328 0.04628703703703704
0 0.42310416666666667 0.6186111111111111 0.026416666666666682 0.045379629629629624
3 0.377953125 0.562787037037037 0.024666666666666615 0.0348981481481482
0 0.36841145833333333 0.6302777777777778 0.02460416666666667 0.0514629629629629
0 0.450453125 0.3758333333333333 0.023703124999999995 0.04041666666666664
4 0.3425572916666667 0.3665277777777778 0.022276041666666656 0.04276851851851857
0 0.45644270833333334 0.5003796296296296 0.025890625000000018 0.04088888888888897
4 0.35783333333333334 0.4111018518518519 0.030973958333333346 0.037574074074074114
5 0.50234375 0.5657777777777777 0.02120312500000002 0.03993518518518529
2 0.4496041666666667 0.33847222222222223 0.023843749999999986 0.032564814814814776
3 0.3977760416666667 0.5316481481481481 0.02748437499999999 0.03729629629629627
4 0.38945833333333335 0.37737037037037036 0.02649479166666661 0.041712962962962924
3 0.428703125 0.3539259259259259 0.017494791666666624 0.04067592592592588
4 0.37710416666666663 0.34932407407407406 0.02254687499999998 0.034175925925925894
2 0.3910885416666667 0.4198611111111111 0.02168750000000005 0.03365740740740743
3 0.40497395833333333 0.46015740740740746 0.01931249999999996 0.038824074074074136
3 0.37556770833333336 0.49891666666666673 0.018359375 0.04094444444444447
4 0.392921875 0.3073148148148148 0.02421875 0.03806481481481483
1 0.48558333333333337 0.3055 0.02017708333333334 0.03915740740740738
5 0.5080260416666667 0.6037314814814815 0.027296875000000043 0.034083333333333285
4 0.41576562499999997 0.3216481481481481 0.022427083333333306 0.03147222222222223
3 0.3051770833333334 0.6136574074074074 0.02120312500000002 0.04600000000000006
3 0.405203125 0.49598148148148147 0.021078125000000014 0.030527777777777803
3 0.428 0.39525925925925925 0.022343750000000048 0.033861111111111154