1 0.5233333333333333 0.5037870370370371 0.0262447916666666 0.036129629629629616
5 0.392203125 0.5793148148148148 0.019609375000000047 0.0448148148148149
5 0.36952083333333335 0.5885185185185186 0.024828125000000038 0.04260185185185184
2 0.5452656250000001 0.5303703703703704 0.026348958333333408 0.0429722222222223
0 0.5095833333333333 0.6029537037037037 0.023999999999999962 0.041657407407407414
2 0.5378229166666666 0.3217962962962963 0.023093750000000076 0.0375
3 0.4235625 0.6506851851851851 0.02258333333333328 0.0456111111111111
2 0.3064322916666667 0.5383333333333333 0.02227083333333333 0.047333333333333234
1 0.541625 0.5779351851851852 0.025156250000000095 0.04062037037037027
5 0.48283333333333334 0.6504722222222222 0.022890625000000022 0.04590740740740734
3 0.38190625 0.5394444444444445 0.021432291666666714 0.04027777777777778
5 0.47333333333333333 0.69075 0.021859375000000014 0.0382962962962962
5 0.42315104166666667 0.49724999999999997 0.020093749999999962 0.03590740740740738
3 0.423109375 0.6970277777777777 0.025515625000000004 0.04261111111111109
3 0.45246875000000003 0.6949444444444444 0.019859375000000058 0.038407407407407425
0 0.438921875 0.5691666666666667 0.02258333333333328 0.04023148148148152
3 0.399546875 0.4777129629629629 0.02591666666666666 0.04455555555555545
5 0.44620312500000003 0.6456574074074074 0.021499999999999984 0.04872222222222212
2 0.4446302083333334 0.5012314814814816 0.02215624999999998 0.03502777777777771
0 0.3805520833333333 0.6202037037037037 0.024411458333333278 0.0375185185185185
2 0.5392864583333333 0.36516666666666664 0.027015624999999942 0.03969444444444445
1 0.49438020833333335 0.5726111111111111 0.025833333333333285 0.03524999999999994
0 0.511 0.6603055555555556 0.021895833333333316 0.03653703703703707
3 0.49304166666666666 0.7053703703703703 0.021760416666666654 0.040435185185185255
2 0.47108333333333335 0.48996296296296293 0.024661458333333285 0.03680555555555556
4 0.32149479166666667 0.4975555555555556 0.02396354166666666 0.038814814814814885
2 0.429734375 0.606037037037037 0.026692708333333332 0.0419629629629629
1 0.54409375 0.6206944444444444 0.02014583333333325 0.0360185185185186
5 0.4273489583333333 0.5328148148148149 0.022890625000000022 0.034981481481481454
5 0.40583854166666666 0.6155740740740742 0.022744791666666705 0.0364166666666666
3 0.32247916666666665 0.6310462962962963 0.021536458333333286 0.03556481481481489
0 0.37470312499999997 0.4345648148148148 0.01977604166666668 0.036379629629629595
4 0.34091666666666665 0.5285462962962963 0.020479166666666635 0.05498148148148158
0 0.46853645833333335 0.5814351851851852 0.024130208333333295 0.04831481481481487
3 0.3952291666666667 0.6830185185185185 0.03208333333333328 0.0382407407407407
0 0.47969270833333333 0.5309444444444444 0.024526041666666623 0.03895370370370364
4 0.3600625 0.4684351851851852 0.028348958333333365 0.03795370370370371
0 0.4934791666666667 0.49239814814814814 0.02060416666666664 0.041407407407407434
0 0.4515572916666667 0.5373703703703704 0.024411458333333278 0.038111111111111186
4 0.28379166666666666 0.6099722222222222 0.025119791666666676 0.04055555555555551
3 0.28496875 0.6597592592592593 0.024546875000000058 0.04288888888888883
4 0.33759374999999997 0.5715555555555555 0.025546874999999976 0.03220370370370368
3 0.3386927083333333 0.6099444444444444 0.027005208333333287 0.04041666666666675
2 0.36359375 0.5494444444444444 0.023052083333333327 0.03730555555555552
2 0.414890625 0.5733055555555555 0.02385416666666664 0.04327777777777778
4 0.2919427083333333 0.5730555555555555 0.021114583333333315 0.04148148148148144
3 0.5256458333333334 0.6310277777777777 0.019947916666666763 0.037453703703703746
3 0.400734375 0.6482777777777777 0.022880208333333367 0.03555555555555564
0 0.40409375000000003 0.5373333333333333 0.020874999999999963 0.038777777777777876
3 0.378796875 0.6576481481481481 0.023286458333333353 0.03424074074074076
4 0.3128958333333333 0.5856018518518519 0.02116666666666672 0.036472222222222316
5 0.39221874999999995 0.5788981481481482 0.01978125000000001 0.04399074074074073
4 0.3629947916666667 0.5094259259259258 0.02243749999999996 0.0338703703703703
1 0.5070989583333333 0.5394907407407408 0.026937500000000014 0.03662037037037033