5 0.3658072916666667 0.5925092592592592 0.025786458333333328 0.041990740740740655
1 0.5230885416666667 0.5066759259259259 0.02617708333333333 0.03593518518518513
5 0.4307708333333334 0.5464629629629629 0.024880208333333324 0.035416666666666666
5 0.389203125 0.581925925925926 0.0195677083333333 0.04546296296296288
5 0.48088020833333334 0.6524166666666666 0.023359374999999953 0.04522222222222215
2 0.4455989583333333 0.5106851851851851 0.022947916666666637 0.034407407407407484
0 0.5085416666666667 0.6052777777777778 0.024270833333333287 0.04062037037037027
5 0.4451458333333333 0.6473333333333333 0.020833333333333332 0.04797222222222217
2 0.30601562499999996 0.5366666666666667 0.022411458333333318 0.047277777777777724
1 0.506140625 0.542212962962963 0.028645833333333332 0.036120370370370365
3 0.42220833333333335 0.6511851851851852 0.02245312499999995 0.044703703703703676
3 0.42113020833333337 0.6974351851851852 0.025583333333333277 0.0419629629629629
3 0.491375 0.7074351851851851 0.021937499999999943 0.04000000000000004
3 0.45073437499999996 0.6959537037037037 0.020135416666666708 0.03876851851851842
2 0.5403125000000001 0.3677685185185185 0.027041666666666703 0.03931481481481485
0 0.5095364583333333 0.6623611111111112 0.02105208333333337 0.03693518518518528
0 0.4428020833333333 0.5805370370370371 0.02553124999999999 0.035148148148148185
2 0.54459375 0.5335740740740741 0.02634374999999996 0.04144444444444444
5 0.4048125 0.616111111111111 0.023453124999999984 0.03588888888888888
5 0.47146875 0.6920462962962962 0.02126562499999996 0.03779629629629624
1 0.49323958333333334 0.5734074074074074 0.025979166666666723 0.03723148148148152
0 0.46829166666666666 0.5815185185185184 0.024661458333333285 0.050314814814814736
3 0.3206875 0.6307222222222222 0.022286458333333314 0.03480555555555548
0 0.399703125 0.5397777777777778 0.02006249999999999 0.038749999999999916
3 0.3933125 0.6832870370370371 0.031937499999999966 0.03990740740740732
3 0.33690625 0.610175925925926 0.026442708333333325 0.04113888888888895
3 0.37902083333333336 0.5413888888888889 0.019442708333333295 0.04424999999999996
5 0.39328125 0.42047222222222225 0.02254687499999998 0.03492592592592595
3 0.28353125 0.6573425925925925 0.024656249999999956 0.0429537037037038
2 0.5389947916666666 0.32363888888888886 0.02269791666666663 0.03770370370370373
0 0.49324999999999997 0.49446296296296294 0.020822916666666677 0.041407407407407434
0 0.4790104166666667 0.5321481481481481 0.02468229166666672 0.03987962962962957
4 0.337171875 0.5286666666666667 0.021182291666666703 0.05322222222222224
0 0.378859375 0.62325 0.025348958333333373 0.036055555555555605
2 0.42856770833333335 0.6075277777777778 0.026182291666666656 0.04309259259259256
4 0.2826927083333333 0.6073611111111111 0.024807291666666724 0.04000000000000004
2 0.41378645833333333 0.5761388888888889 0.028010416666666652 0.03868518518518516
3 0.524296875 0.6345555555555557 0.01953645833333333 0.03762037037037047
4 0.3584583333333333 0.5211296296296297 0.022593750000000058 0.03334259259259258
1 0.5407552083333333 0.580851851851852 0.02538020833333334 0.039796296296296316
0 0.455453125 0.5460370370370371 0.023072916666666644 0.04049074074074076
4 0.29079166666666667 0.5706666666666668 0.0198854166666667 0.04162037037037041
4 0.33628125 0.571574074074074 0.026010416666666696 0.03261111111111114
4 0.31752604166666665 0.4949814814814815 0.023395833333333373 0.03985185185185182
3 0.3758697916666666 0.6593888888888889 0.022244791666666687 0.034990740740740704
4 0.31175520833333337 0.5834999999999999 0.021848958333333356 0.036361111111111094
1 0.5431458333333333 0.6237870370370371 0.020005208333333257 0.03724074074074077
3 0.39908333333333335 0.6488888888888888 0.02237500000000002 0.03588888888888888
2 0.3589322916666667 0.5567685185185185 0.022875000000000038 0.034101851851851786
2 0.47075 0.4913148148148148 0.02449479166666665 0.035972222222222135