5 0.36606770833333335 0.5923333333333334 0.025630208333333352 0.041666666666666664
5 0.4310885416666667 0.5464537037037037 0.02492708333333328 0.03532407407407416
0 0.5085989583333334 0.6051203703703704 0.024234374999999985 0.040685185185185234
2 0.44598958333333333 0.5105740740740741 0.02296874999999995 0.03405555555555553
5 0.4448802083333333 0.646962962962963 0.020885416666666618 0.048111111111111146
5 0.48080729166666664 0.652287037037037 0.02308854166666663 0.04464814814814817
5 0.3893697916666667 0.5816944444444445 0.019546874999999984 0.045500000000000096
1 0.523640625 0.5066944444444444 0.02627604166666669 0.03545370370370367
2 0.30640104166666665 0.5364444444444445 0.022307291666666628 0.04698148148148149
3 0.42077604166666666 0.6970555555555557 0.025432291666666627 0.04220370370370364
1 0.5065885416666667 0.5420555555555555 0.02852083333333333 0.035731481481481406
3 0.4503125 0.6955185185185185 0.019869791666666713 0.03849074074074068
3 0.421921875 0.6509351851851852 0.02236458333333336 0.04424074074074071
0 0.5092760416666666 0.6619907407407408 0.02095833333333334 0.037027777777777784
3 0.4910833333333333 0.7073055555555555 0.02190624999999997 0.04016666666666677
2 0.5403541666666667 0.36771296296296296 0.02736979166666676 0.03947222222222222
2 0.5450729166666667 0.5334722222222222 0.026348958333333408 0.04162962962962966
5 0.40467708333333335 0.6157037037037038 0.023416666666666686 0.03545370370370367
0 0.443171875 0.5804351851851852 0.025296874999999965 0.0356759259259259
5 0.47116145833333334 0.6914814814814815 0.02101562499999995 0.03732407407407402
0 0.39990625 0.5398703703703703 0.02042708333333335 0.03859259259259265
3 0.37918229166666667 0.5412314814814815 0.019156249999999986 0.04374074074074075
0 0.4686197916666667 0.5814166666666666 0.024307291666666706 0.04966666666666676
1 0.49366145833333336 0.5734166666666667 0.025666666666666654 0.036685185185185085
3 0.39295833333333335 0.6827777777777777 0.03209895833333339 0.03963888888888884
4 0.3377604166666667 0.5287870370370371 0.020937500000000022 0.05380555555555546
4 0.28276562499999996 0.6072962962962963 0.024802083333333277 0.040018518518518544
0 0.3789166666666667 0.6228981481481481 0.025088541666666703 0.035796296296296375
3 0.32058854166666667 0.6307407407407408 0.02215624999999998 0.0345555555555555
0 0.456125 0.545675925925926 0.02311458333333339 0.03988888888888882
3 0.336890625 0.6097685185185184 0.026531250000000027 0.041666666666666664
3 0.28335416666666663 0.6571296296296296 0.024692708333333376 0.04333333333333329
2 0.41396875000000005 0.5766388888888889 0.028151041666666644 0.03821296296296295
0 0.4936979166666667 0.49446296296296294 0.021322916666666695 0.041305555555555463
3 0.5243541666666667 0.6342407407407408 0.01964062500000002 0.03761111111111101
2 0.42852604166666663 0.6074537037037037 0.025895833333333347 0.04267592592592585
4 0.33634375 0.5714814814814815 0.025625000000000023 0.032814814814814866
4 0.318046875 0.4951111111111111 0.023463541666666643 0.03964814814814809
4 0.2910052083333333 0.5706574074074073 0.019838541666666622 0.041314814814814714
2 0.35942708333333334 0.5567222222222222 0.022578124999999952 0.03356481481481482
1 0.5430989583333333 0.6233888888888889 0.019906249999999896 0.03692592592592603
4 0.35877604166666666 0.5211388888888889 0.022317708333333287 0.03300925925925934
4 0.3119479166666667 0.5832499999999999 0.021713541666666693 0.03669444444444454
3 0.37563541666666667 0.6593148148148148 0.022500000000000023 0.034416666666666734
1 0.541 0.5806388888888889 0.02486458333333322 0.03941666666666661
3 0.399 0.6485925925925926 0.02212500000000001 0.03543518518518517
0 0.47947395833333334 0.5322129629629629 0.02410937499999998 0.03941666666666661
2 0.5386302083333334 0.3229444444444444 0.02321874999999996 0.037175925925925904
2 0.47130729166666663 0.49106481481481484 0.024380208333333306 0.03583333333333338