5 0.3646614583333333 0.5901296296296297 0.026145833333333358 0.0422870370370371
1 0.5214635416666666 0.5026851851851851 0.025151041666666648 0.041037037037036976
5 0.41328125 0.5026203703703704 0.024348958333333334 0.03795370370370371
5 0.44194791666666666 0.648074074074074 0.02119791666666669 0.04894444444444435
3 0.41823958333333333 0.6976111111111111 0.025666666666666654 0.042731481481481565
5 0.3884166666666667 0.5801111111111111 0.019546874999999984 0.04502777777777788
3 0.4477395833333333 0.6978148148148148 0.02006249999999999 0.03694444444444453
2 0.5406718749999999 0.37237962962962967 0.027182291666666695 0.040194444444444415
5 0.4784479166666667 0.6556666666666666 0.023265625000000036 0.04594444444444434
1 0.49339583333333337 0.5466666666666666 0.02127083333333329 0.04765740740740743
5 0.4027291666666667 0.6156574074074074 0.022822916666666634 0.037453703703703746
2 0.45548958333333334 0.47603703703703704 0.020765624999999944 0.037425925925925994
2 0.3055833333333334 0.5310925925925927 0.0218385416666667 0.047037037037036995
1 0.489671875 0.5941666666666667 0.02190104166666664 0.04417592592592596
5 0.46852083333333333 0.6942037037037038 0.021760416666666654 0.03660185185185183
3 0.4190989583333333 0.650962962962963 0.022000000000000006 0.0448518518518519
3 0.3349010416666667 0.606537037037037 0.025885416666666692 0.04096296296296297
3 0.31808333333333333 0.6258518518518518 0.021973958333333363 0.03490740740740745
4 0.28894791666666664 0.5643888888888888 0.020041666666666676 0.03996296296296304
0 0.4410208333333333 0.5802407407407407 0.024874999999999994 0.035037037037036964
0 0.5068020833333333 0.6655 0.021499999999999984 0.036379629629629595
3 0.378234375 0.5394814814814815 0.019338541666666723 0.04449999999999995
3 0.27998958333333335 0.6504444444444445 0.024895833333333308 0.0422685185185186
0 0.39858854166666663 0.539 0.020140625000000037 0.03747222222222225
0 0.3773020833333333 0.6215185185185186 0.024734375000000006 0.03700925925925928
0 0.5075885416666667 0.6139259259259259 0.023302083333333338 0.04408333333333324
4 0.28035937499999997 0.6005092592592592 0.024697916666666705 0.03927777777777784
2 0.41147395833333333 0.5721111111111111 0.024796874999999947 0.043407407407407506
3 0.39075 0.6823425925925926 0.032411458333333344 0.038703703703703664
1 0.5402083333333334 0.588462962962963 0.024213541666666553 0.03984259259259257
1 0.541234375 0.6269537037037037 0.020994791666666637 0.03653703703703707
4 0.3365572916666667 0.5243518518518518 0.02069791666666667 0.05215740740740734
0 0.451515625 0.5383425925925925 0.02119791666666669 0.04424074074074071
0 0.495296875 0.4904074074074074 0.020010416666666704 0.040749999999999995
4 0.3173489583333333 0.4906944444444445 0.02354687500000002 0.03924074074074084
2 0.3583697916666667 0.5529722222222223 0.023375000000000055 0.03512962962962968
4 0.3580520833333333 0.518351851851852 0.022109375000000025 0.03438888888888898
4 0.33461979166666667 0.5674814814814815 0.025406249999999984 0.031731481481481465
0 0.4725520833333333 0.542037037037037 0.019875000000000042 0.04615740740740732
2 0.425921875 0.6072685185185185 0.025765625000000014 0.04399074074074073
3 0.52271875 0.6410462962962963 0.020109374999999947 0.0385833333333334
0 0.46608854166666663 0.5899351851851852 0.025062499999999942 0.047129629629629716
4 0.3095989583333333 0.578212962962963 0.021182291666666703 0.039675925925925844
3 0.3953333333333333 0.6474722222222222 0.022755208333333363 0.03301851851851859
4 0.2948020833333333 0.3761574074074074 0.02030729166666667 0.03609259259259261
2 0.47297395833333333 0.4961851851851852 0.02149479166666666 0.041657407407407414
3 0.37330729166666665 0.6578981481481482 0.022916666666666665 0.03185185185185194
3 0.487640625 0.7084537037037038 0.021468750000000016 0.04742592592592595