2 0.4471041666666667 0.46693518518518523 0.022416666666666647 0.0349722222222222
5 0.44193229166666664 0.6479814814814815 0.020984374999999982 0.04915740740740733
5 0.3645625 0.5900740740740741 0.026041666666666668 0.042101851851851876
5 0.413125 0.5027962962962963 0.024354166666666663 0.0382222222222222
3 0.41759375 0.6972222222222222 0.02564062500000001 0.04218518518518514
1 0.493015625 0.5463148148148148 0.02094791666666668 0.049370370370370315
5 0.4783958333333333 0.6547222222222222 0.023244791666666723 0.04596296296296305
2 0.30494791666666665 0.5309814814814815 0.021875 0.047990740740740674
5 0.38840104166666667 0.5800185185185185 0.019364583333333366 0.045333333333333364
2 0.5412187500000001 0.37319444444444444 0.02759895833333322 0.03984259259259257
5 0.40274479166666666 0.6154814814814815 0.022708333333333285 0.03721296296296301
3 0.44769270833333336 0.6975185185185185 0.019838541666666622 0.03717592592592601
1 0.525046875 0.46991666666666665 0.027718750000000014 0.03795370370370371
2 0.411203125 0.5719814814814815 0.025338541666666714 0.043370370370370295
5 0.4684947916666667 0.6944074074074075 0.022046874999999962 0.03658333333333332
0 0.5070885416666667 0.664861111111111 0.02147916666666667 0.03717592592592601
0 0.39843229166666666 0.5387685185185185 0.02020833333333331 0.03779629629629624
0 0.37721875 0.6215925925925926 0.024302083333333377 0.03777777777777774
1 0.48940625 0.5944166666666667 0.021656249999999964 0.04374074074074075
4 0.28898958333333336 0.5644351851851852 0.01978125000000001 0.03995370370370379
3 0.3182291666666667 0.6261944444444444 0.022182291666666624 0.03451851851851849
1 0.540109375 0.5880277777777778 0.024380208333333306 0.03984259259259257
3 0.41913541666666665 0.6507314814814814 0.022093750000000037 0.04430555555555547
4 0.2803020833333333 0.6007962962962963 0.024802083333333277 0.03956481481481483
3 0.3348802083333334 0.6063981481481481 0.025666666666666654 0.04124999999999996
0 0.4659270833333334 0.5897222222222221 0.02503124999999997 0.04791666666666667
4 0.33639583333333334 0.5244907407407408 0.020963541666666665 0.05241666666666658
3 0.28088541666666667 0.6506759259259259 0.024770833333333304 0.04218518518518514
0 0.5074114583333333 0.6141203703703704 0.02364062500000005 0.044314814814814724
3 0.37786458333333334 0.5393888888888888 0.019661458333333333 0.044675925925925924
3 0.3907552083333333 0.6822870370370371 0.03257812499999998 0.03878703703703713
0 0.45161979166666666 0.5378425925925926 0.021567708333333376 0.04457407407407417
2 0.42599479166666665 0.6077407407407408 0.02556770833333329 0.04277777777777782
4 0.357765625 0.5183888888888889 0.0218385416666667 0.03404629629629628
2 0.35828645833333334 0.5527222222222222 0.024046875000000037 0.035009259259259205
0 0.47250000000000003 0.5416018518518518 0.020036458333333347 0.04668518518518525
3 0.5225416666666667 0.6408240740740742 0.020026041666666692 0.038101851851851935
4 0.31736458333333334 0.4903333333333333 0.02397395833333332 0.03891666666666664
1 0.5412395833333333 0.6268240740740741 0.02097916666666677 0.03649074074074082
4 0.30949479166666666 0.5783518518518519 0.02123437499999999 0.039703703703703803
2 0.5404531250000001 0.3288888888888889 0.023531249999999913 0.038648148148148154
4 0.33465104166666665 0.5675462962962964 0.025119791666666676 0.03180555555555547
0 0.44094791666666666 0.5801851851851852 0.024729166666666677 0.035064814814814715
3 0.39523958333333337 0.6473055555555556 0.023239583333333275 0.033129629629629606
3 0.37406770833333336 0.6574259259259259 0.023161458333333346 0.03323148148148158
3 0.48785416666666664 0.7105277777777778 0.022348958333333377 0.04117592592592595