3 0.3409739583333333 0.54025 0.02610416666666661 0.044685185185185175
3 0.39489062500000005 0.5316296296296296 0.026161458333333342 0.03996296296296304
0 0.41971875000000003 0.6198703703703704 0.026229166666666616 0.044694444444444426
0 0.382921875 0.6797685185185185 0.02216145833333331 0.04649074074074078
3 0.30195833333333333 0.6093981481481481 0.020921875000000038 0.04706481481481475
5 0.5466770833333333 0.5458055555555555 0.026109375000000056 0.03756481481481476
5 0.41926562500000003 0.5345555555555556 0.022494791666666694 0.04313888888888881
3 0.3746041666666667 0.49721296296296297 0.01821875000000001 0.04157407407407416
3 0.44153125 0.5657962962962962 0.018276041666666624 0.044999999999999915
5 0.50303125 0.6110185185185185 0.028380208333333337 0.03450925925925924
5 0.5266145833333333 0.6922962962962963 0.02688020833333328 0.043074074074074056
0 0.364734375 0.6290370370370371 0.02454166666666661 0.05088888888888892
1 0.4615104166666667 0.6423703703703704 0.0234739583333333 0.03789814814814821
5 0.501609375 0.5729629629629629 0.02223437500000003 0.03951851851851858
3 0.37668229166666667 0.562675925925926 0.02266145833333333 0.034731481481481474