1 0.489265625 0.5939351851851852 0.022036458333333304 0.045398148148148125
2 0.2923177083333333 0.5109074074074074 0.027796874999999943 0.04041666666666675
2 0.5416354166666667 0.3736481481481482 0.027192708333333353 0.039379629629629605
1 0.5463333333333333 0.5534907407407407 0.02820833333333326 0.03662962962962958
5 0.36516145833333336 0.5923796296296296 0.024776041666666634 0.042759259259259316
3 0.41777604166666665 0.6972407407407407 0.025562499999999964 0.04229629629629635
5 0.44597916666666665 0.646962962962963 0.027052083333333362 0.040759259259259245
3 0.4475 0.6976574074074074 0.01996874999999996 0.03692592592592603
4 0.3391458333333333 0.5311574074074074 0.022395833333333334 0.0551481481481481
5 0.4780989583333334 0.6544259259259259 0.023739583333333297 0.046694444444444504
4 0.278625 0.606074074074074 0.022401041666666663 0.04611111111111107
0 0.44125520833333337 0.5784814814814815 0.02591666666666666 0.034990740740740704
3 0.41928125 0.6510555555555555 0.02194270833333339 0.04405555555555549
0 0.5151822916666666 0.5418888888888889 0.026119791666666715 0.036037037037037103
3 0.3906354166666667 0.6855555555555556 0.031718750000000046 0.039722222222222305
1 0.5403489583333333 0.5932129629629629 0.02432812500000002 0.03760185185185176
5 0.46848958333333335 0.6938611111111112 0.022171874999999966 0.036759259259259304
5 0.3880416666666667 0.5800740740740741 0.01931770833333329 0.04697222222222224
3 0.30995833333333334 0.6352407407407407 0.02169791666666671 0.03752777777777775
3 0.38670312500000004 0.5317685185185185 0.025942708333333304 0.03479629629629623
0 0.37731250000000005 0.6238425925925926 0.024666666666666615 0.03797222222222221
5 0.403328125 0.6171111111111112 0.025203125000000052 0.03557407407407414
4 0.2942239583333333 0.5520092592592593 0.024708333333333363 0.03552777777777768
2 0.5409270833333333 0.32899074074074075 0.0233645833333334 0.039370370370370354
2 0.412109375 0.5829259259259258 0.028791666666666653 0.036074074074074106
0 0.5077708333333333 0.6144074074074074 0.022572916666666623 0.04505555555555563
0 0.4197916666666667 0.537962962962963 0.021984375000000018 0.03845370370370368
2 0.3638645833333333 0.5514814814814815 0.024776041666666634 0.03568518518518515
0 0.46611979166666667 0.5436018518518518 0.02276562500000002 0.043046296296296305
1 0.5404635416666667 0.6302407407407407 0.022385416666666675 0.033777777777777795
0 0.466453125 0.592425925925926 0.024270833333333287 0.04762962962962968
0 0.5056406250000001 0.6675740740740741 0.02094270833333335 0.03628703703703709
2 0.43189062500000003 0.6117037037037036 0.028427083333333294 0.04093518518518522
4 0.36580208333333336 0.5157592592592593 0.023093749999999958 0.032055555555555455
3 0.5214791666666667 0.6447314814814814 0.019588541666666615 0.03662037037037033
4 0.33653125 0.2760462962962963 0.023395833333333373 0.04325000000000003
4 0.30709895833333334 0.5935277777777778 0.01981770833333331 0.041666666666666664
3 0.28086979166666665 0.650037037037037 0.02855729166666663 0.03684259259259256
3 0.39606250000000004 0.6499814814814815 0.022416666666666647 0.03374074074074079
3 0.37403125 0.6606574074074074 0.023140625000000033 0.033129629629629606
4 0.33557291666666667 0.5777314814814816 0.026729166666666634 0.03190740740740744
3 0.3358697916666667 0.6135833333333333 0.02709895833333332 0.03718518518518526
3 0.48752604166666663 0.7086666666666667 0.020442708333333334 0.041416666666666685