1 0.4892447916666667 0.5944351851851852 0.022250000000000013 0.045500000000000096
5 0.3651041666666667 0.5930648148148148 0.025015624999999986 0.04254629629629634
2 0.2906458333333333 0.51425 0.02780208333333339 0.03844444444444443
2 0.5414739583333333 0.3736851851851852 0.027265624999999953 0.038703703703703664
3 0.417734375 0.6973148148148148 0.025348958333333373 0.042388888888888865
1 0.5463645833333334 0.554 0.02841666666666664 0.036361111111111094
5 0.4460520833333333 0.647712962962963 0.026833333333333324 0.04106481481481473
3 0.4475885416666667 0.6978425925925925 0.020031250000000018 0.0375185185185185
4 0.33936458333333336 0.5313333333333333 0.022526041666666666 0.055092592592592596
0 0.4412291666666667 0.5789814814814814 0.025880208333333363 0.035296296296296194
5 0.388171875 0.5805277777777778 0.019031249999999982 0.04678703703703701
3 0.3359375 0.6144166666666667 0.02713541666666662 0.03787962962962971
3 0.3903385416666667 0.6856944444444444 0.03184895833333338 0.03975925925925931
5 0.47794791666666664 0.6547407407407407 0.023348958333333295 0.04656481481481478
4 0.27809375000000003 0.6063796296296297 0.022703124999999956 0.04578703703703708
3 0.419078125 0.6514444444444444 0.02195312500000005 0.04363888888888899
0 0.5153229166666666 0.5422222222222223 0.026369791666666722 0.03599074074074064
3 0.38681249999999995 0.5321944444444444 0.026156250000000013 0.0349722222222222
5 0.468359375 0.6940555555555556 0.022140624999999994 0.037046296296296286
1 0.5404947916666667 0.5935833333333334 0.024359374999999992 0.03756481481481476
5 0.40324479166666666 0.6173611111111111 0.02525000000000001 0.035731481481481406
2 0.36356249999999996 0.5518703703703703 0.024567708333333372 0.03554629629629639
4 0.36597916666666663 0.51575 0.023203124999999977 0.0323148148148149
0 0.5078229166666667 0.6148796296296297 0.022526041666666666 0.04517592592592589
2 0.41186979166666665 0.5837685185185185 0.02840624999999998 0.035712962962962905
2 0.43199479166666666 0.6125740740740742 0.02844270833333328 0.04124999999999996
0 0.4198177083333333 0.538324074074074 0.02236979166666669 0.03821296296296295
0 0.37733333333333335 0.6240833333333333 0.024552083333333384 0.0375555555555555
0 0.5056406250000001 0.6676018518518518 0.020906250000000053 0.03662962962962958
0 0.4661770833333333 0.5439999999999999 0.022921874999999994 0.04317592592592603
3 0.28072395833333336 0.649787037037037 0.02834375000000004 0.0371388888888888
0 0.466578125 0.5927685185185185 0.02442708333333338 0.04764814814814818
4 0.29644791666666664 0.5539259259259259 0.025791666666666657 0.03697222222222228
3 0.5213958333333334 0.6451759259259259 0.01973958333333338 0.03653703703703707
1 0.5405104166666667 0.6304722222222222 0.022260416666666553 0.03382407407407405
4 0.306515625 0.5946111111111111 0.021890624999999986 0.03787962962962971
4 0.33571875 0.5776018518518518 0.026656250000000034 0.03160185185185195
3 0.3957447916666667 0.6500555555555555 0.022239583333333358 0.03394444444444452
3 0.37377083333333333 0.6608333333333334 0.022921874999999994 0.032731481481481396
3 0.31172916666666667 0.6337314814814814 0.02422395833333333 0.03691666666666656
3 0.48749479166666665 0.7097685185185185 0.022744791666666705 0.041314814814814714
2 0.541140625 0.33005555555555555 0.023239583333333275 0.03779629629629634