1 0.48938020833333334 0.5943240740740741 0.02205208333333329 0.045416666666666626
5 0.36505208333333333 0.5927685185185185 0.024901041666666637 0.04245370370370362
1 0.5461197916666667 0.5539351851851851 0.028494791666666686 0.03630555555555559
5 0.44598958333333333 0.6475 0.026744791666666618 0.04022222222222227
3 0.4179479166666667 0.697212962962963 0.025458333333333392 0.04260185185185184
3 0.447796875 0.6976296296296297 0.020197916666666652 0.037749999999999985
4 0.282296875 0.5662222222222222 0.02159895833333335 0.041037037037036976
2 0.54125 0.3736759259259259 0.027833333333333363 0.03901851851851851
5 0.4780989583333334 0.654537037037037 0.023276041666666695 0.04579629629629633
4 0.2777395833333333 0.6125555555555555 0.02492187499999995 0.04182407407407414
4 0.33911458333333333 0.5313888888888889 0.022322916666666616 0.055351851851851826
5 0.38796354166666663 0.5804166666666667 0.019130208333333343 0.046629629629629535
3 0.41913541666666665 0.6515833333333334 0.02190104166666664 0.04319444444444453
0 0.44121875 0.5787037037037037 0.02596354166666662 0.03467592592592597
0 0.5150572916666667 0.5420925925925927 0.02628645833333335 0.036046296296296354
3 0.3360572916666667 0.6143981481481481 0.027390624999999957 0.03762962962962972
3 0.39077083333333335 0.6860462962962962 0.031453125000000054 0.03960185185185183
1 0.5403645833333334 0.593287037037037 0.024375000000000095 0.037351851851851775
5 0.46870833333333334 0.6938518518518518 0.021937499999999943 0.03728703703703702
0 0.46645833333333336 0.5927962962962964 0.024526041666666623 0.048037037037037135
3 0.38648958333333333 0.5321388888888889 0.026187499999999985 0.035157407407407436
5 0.4033072916666667 0.6175277777777778 0.02540104166666666 0.03530555555555566
2 0.36357812500000003 0.5517222222222222 0.025119791666666676 0.03543518518518517
2 0.4119427083333333 0.5834074074074075 0.028739583333333367 0.03594444444444438
3 0.2935833333333333 0.6772592592592593 0.022843749999999947 0.04668518518518525
4 0.3656875 0.5157314814814815 0.02329166666666668 0.03250925925925917
0 0.37740625 0.6244814814814815 0.024937500000000057 0.036796296296296306
1 0.5404895833333333 0.6303981481481482 0.022411458333333436 0.03413888888888879
0 0.4196875 0.5381666666666667 0.02205208333333329 0.03833333333333342
0 0.50578125 0.6676018518518518 0.020817708333333348 0.036388888888888846
0 0.507859375 0.6147037037037038 0.022359375000000032 0.04515740740740739
3 0.5215625 0.6448703703703704 0.019723958333333277 0.03717592592592601
3 0.31175520833333337 0.6334444444444445 0.023052083333333327 0.03532407407407416
4 0.3354010416666667 0.5776388888888889 0.0269166666666667 0.03178703703703697
0 0.46592187500000004 0.5439259259259259 0.0226197916666667 0.043037037037037054
3 0.396265625 0.6503055555555556 0.021781249999999967 0.033435185185185096
3 0.37408854166666666 0.6607685185185185 0.023062499999999986 0.03265740740740739
2 0.4319270833333333 0.6122777777777778 0.028500000000000015 0.04151851851851844
2 0.540890625 0.32931481481481484 0.023359374999999953 0.038833333333333275
4 0.306296875 0.5940740740740741 0.022036458333333304 0.038388888888888924
3 0.48798958333333337 0.7102037037037037 0.023734374999999967 0.040435185185185255