1 0.4962552083333333 0.5854444444444444 0.021645833333333305 0.04592592592592584
2 0.5405729166666667 0.3723888888888889 0.027411458333333392 0.03973148148148145
2 0.5406718749999999 0.3282685185185185 0.023083333333333417 0.03886111111111114
1 0.5464427083333334 0.5535092592592592 0.02805729166666661 0.03625000000000008
2 0.35350000000000004 0.554962962962963 0.020541666666666694 0.04331481481481479
5 0.44751562500000003 0.6521296296296296 0.025265624999999996 0.046472222222222276
3 0.41910416666666667 0.6979444444444444 0.02539583333333333 0.0429907407407408
0 0.3759375 0.6270092592592592 0.025020833333333315 0.037342592592592525
0 0.5111302083333333 0.6156759259259259 0.02481770833333338 0.04083333333333325
4 0.27790625 0.6126296296296296 0.024546875000000058 0.04159259259259266
5 0.47836458333333337 0.6549722222222222 0.02315625000000002 0.04546296296296288
4 0.282671875 0.5662407407407407 0.02176562499999998 0.04157407407407416
5 0.38821875 0.5871203703703703 0.019593749999999945 0.046722222222222255
3 0.44756770833333337 0.697925925925926 0.019911458333333344 0.038388888888888924
3 0.4196875 0.6526388888888889 0.023046875 0.04286111111111108
3 0.39088541666666665 0.6881666666666667 0.0316041666666667 0.04031481481481478
2 0.4313333333333333 0.6161203703703704 0.02639062500000004 0.0448148148148149
4 0.3355625 0.5749537037037038 0.02492708333333328 0.037537037037037
2 0.411328125 0.5865092592592592 0.027088541666666664 0.03642592592592585
0 0.45132291666666663 0.5985462962962963 0.020755208333333285 0.04355555555555552
0 0.46625520833333334 0.5436018518518518 0.022666666666666658 0.04318518518518528
0 0.47353645833333335 0.5937870370370371 0.023531250000000035 0.04878703703703709
0 0.515515625 0.5414814814814815 0.026421875000000008 0.03576851851851862
0 0.5054739583333333 0.6688425925925926 0.020479166666666635 0.03691666666666656
5 0.468484375 0.6939074074074074 0.02133854166666668 0.03629629629629634
5 0.4025416666666667 0.6209351851851852 0.02659374999999997 0.03448148148148149
1 0.54015625 0.6311203703703704 0.022734375000000046 0.033481481481481556
3 0.52246875 0.6487407407407407 0.020880208333333292 0.034981481481481454
3 0.31125520833333337 0.6353888888888889 0.023729166666666638 0.0348981481481482
4 0.306859375 0.5944537037037037 0.021760416666666654 0.038425925925925926
1 0.5405260416666666 0.5928240740740741 0.024223958333333448 0.03697222222222228
3 0.293546875 0.6773518518518519 0.022947916666666637 0.046296296296296294
3 0.37393750000000003 0.6637129629629629 0.022510416666666682 0.03399074074074077
5 0.3647916666666667 0.5943518518518518 0.02556770833333329 0.041083333333333236
3 0.395515625 0.6527314814814815 0.022494791666666694 0.030333333333333323
3 0.4879739583333333 0.7086388888888889 0.022401041666666663 0.04062962962962973
3 0.3364375 0.6131481481481482 0.02834375000000004 0.03494444444444445