2 0.5079479166666666 0.37604629629629627 0.02255729166666664 0.04164814814814816
2 0.5414270833333333 0.37327777777777776 0.02432812500000002 0.04423148148148146
1 0.49795312500000005 0.58375 0.025953124999999962 0.039481481481481576
0 0.5115677083333333 0.6139814814814815 0.025348958333333373 0.0393425925925926
3 0.4191614583333333 0.6978518518518518 0.025234375000000024 0.042407407407407366
2 0.41119791666666666 0.5864166666666667 0.02703125000000005 0.03689814814814806
1 0.5424427083333333 0.6082870370370371 0.023781249999999924 0.03935185185185185
2 0.35341666666666666 0.5552777777777779 0.02063541666666661 0.04388888888888897
0 0.37577604166666667 0.6271481481481482 0.025307291666666624 0.03699074074074078
3 0.41972916666666665 0.652074074074074 0.02301562500000003 0.043472222222222266
5 0.44740104166666667 0.6516481481481481 0.025125000000000005 0.04645370370370377
3 0.44765625 0.6969814814814815 0.019822916666666638 0.038749999999999916
5 0.47798958333333336 0.6549537037037038 0.023380208333333385 0.04587962962962959
4 0.2823802083333333 0.5661759259259259 0.021812500000000058 0.04149999999999994
4 0.2778541666666667 0.6120462962962963 0.02471875000000002 0.042101851851851876
0 0.4619479166666667 0.5441666666666667 0.02159375000000002 0.04382407407407401
5 0.38803125 0.5871388888888889 0.019598958333333392 0.047111111111111215
0 0.4511354166666666 0.5985833333333334 0.02105208333333337 0.04327777777777778
2 0.43130208333333336 0.6159444444444445 0.025843749999999943 0.0452499999999999
3 0.39103125 0.6878796296296296 0.031453125000000054 0.04083333333333325
4 0.3354270833333333 0.5749444444444445 0.025239583333333353 0.03783333333333324
3 0.5178229166666667 0.6525925925925925 0.02038541666666672 0.036138888888888866
0 0.5029635416666667 0.6769444444444445 0.02211458333333335 0.0349351851851852
5 0.46873437500000004 0.6936203703703704 0.02158854166666669 0.03687962962962956
3 0.3365572916666667 0.6132037037037037 0.02851041666666667 0.035731481481481406
5 0.4023802083333334 0.6208518518518519 0.026869791666666625 0.03429629629629626
3 0.31103125 0.6351944444444444 0.023343749999999965 0.03501851851851846
5 0.36453125 0.5943333333333334 0.025484375000000035 0.0418518518518519
1 0.54025 0.5242685185185185 0.027255208333333295 0.04453703703703695
1 0.5375885416666667 0.6459722222222222 0.021713541666666693 0.035694444444444404
4 0.30654166666666666 0.5945925925925926 0.022385416666666675 0.038833333333333386
3 0.2934427083333333 0.6772685185185185 0.022812499999999975 0.046481481481481526
3 0.37390104166666666 0.6639166666666666 0.022531249999999996 0.033351851851851834
3 0.39548958333333334 0.6524166666666666 0.02272916666666672 0.029953703703703618
3 0.48806770833333335 0.7102314814814814 0.022067708333333276 0.04023148148148152
0 0.4737395833333334 0.5928796296296296 0.022343750000000048 0.0481759259259259