0 0.42063541666666665 0.619287037037037 0.02606770833333331 0.045509259259259346
3 0.3414739583333333 0.5405277777777777 0.02603125000000001 0.04453703703703695
0 0.383390625 0.6794907407407408 0.022255208333333342 0.046694444444444504
3 0.376953125 0.5664166666666667 0.021421875000000055 0.042750000000000066
5 0.5271510416666667 0.6917222222222221 0.026572916666666658 0.04289814814814808
5 0.5475937500000001 0.5452407407407408 0.02614583333333324 0.03693518518518528
0 0.36556770833333335 0.6287962962962963 0.02411458333333331 0.0507777777777777
3 0.37503125 0.4977777777777778 0.018869791666666677 0.04191666666666665
3 0.46221875 0.5582037037037038 0.026010416666666696 0.03657407407407407
1 0.46217708333333335 0.6420185185185185 0.023385416666666714 0.03781481481481474
5 0.5039427083333333 0.6107407407407408 0.02840104166666665 0.033425925925925845
5 0.5025104166666667 0.5728518518518518 0.02205208333333329 0.03944444444444436
3 0.30276041666666664 0.6093796296296297 0.021218750000000005 0.046370370370370305