2 0.4158489583333333 0.5610925925925926 0.021963541666666704 0.049620370370370294
0 0.4600104166666667 0.5432037037037036 0.021776041666666638 0.043379629629629546
1 0.4845 0.5475740740740741 0.024026041666666723 0.04451851851851845
3 0.4480260416666667 0.697324074074074 0.019500000000000028 0.038657407407407404
4 0.3444479166666667 0.5959907407407407 0.01868229166666661 0.04569444444444436
3 0.32694791666666667 0.6191851851851852 0.022645833333333344 0.04421296296296296
3 0.41984375 0.6990925925925926 0.02520833333333338 0.0429907407407408
3 0.3301145833333334 0.6806018518518518 0.02095312500000001 0.04095370370370372
5 0.366328125 0.6154722222222223 0.024979166666666684 0.04013888888888881
3 0.4189583333333333 0.6534166666666668 0.023588541666666647 0.04375
0 0.447375 0.5999259259259259 0.023848958333333316 0.03963888888888884
0 0.371125 0.652537037037037 0.02421875 0.037435185185185245
3 0.39130208333333333 0.6921851851851851 0.03182812499999995 0.039361111111111104
2 0.42669270833333334 0.6137407407407408 0.025791666666666657 0.04191666666666665
3 0.5178333333333334 0.6522407407407407 0.02041145833333336 0.03763888888888897
1 0.5425364583333334 0.6093796296296297 0.023468749999999972 0.03787962962962971
4 0.28225 0.5666203703703704 0.0214479166666667 0.041416666666666685
4 0.2777604166666666 0.6122962962962962 0.02443750000000004 0.04180555555555564
0 0.5031145833333334 0.6773888888888889 0.02166666666666662 0.03461111111111121
3 0.3106302083333333 0.6372685185185185 0.019619791666666705 0.040787037037037
5 0.47824479166666667 0.6541666666666667 0.02354166666666669 0.04623148148148154
5 0.38915625 0.5825925925925927 0.021562500000000047 0.043064814814814806
5 0.447796875 0.6524537037037037 0.024989583333333343 0.04537037037037037
3 0.2934791666666667 0.6772407407407407 0.022703124999999956 0.04681481481481477
5 0.46884374999999995 0.693787037037037 0.021604166666666678 0.0374814814814815
0 0.5388229166666666 0.567675925925926 0.022406249999999992 0.042685185185185104
5 0.402453125 0.619638888888889 0.0202760416666667 0.04601851851851856
4 0.3046197916666667 0.5953148148148149 0.021453125000000028 0.03960185185185183
1 0.5379739583333334 0.6461203703703703 0.02169270833333338 0.036037037037037103
3 0.3953541666666667 0.6577222222222222 0.023177083333333334 0.02833333333333325
3 0.48768229166666666 0.7090185185185185 0.02254166666666665 0.042083333333333375