2 0.406578125 0.5528518518518519 0.024104166666666652 0.044749999999999936
3 0.32697916666666665 0.6187314814814815 0.022609375000000043 0.044361111111111184
3 0.4190520833333334 0.6533796296296296 0.0234375 0.04389814814814822
3 0.3299947916666667 0.6806018518518518 0.020651041666666713 0.041009259259259224
3 0.4480052083333333 0.6972037037037038 0.019604166666666718 0.039629629629629584
5 0.36600520833333333 0.6156666666666666 0.025166666666666632 0.03987037037037032
3 0.41977604166666665 0.6988888888888889 0.02527604166666665 0.043055555555555555
0 0.371203125 0.6527407407407407 0.02440624999999995 0.03687037037037031
0 0.447328125 0.5991481481481482 0.024098958333333323 0.04007407407407405
2 0.4262135416666667 0.612925925925926 0.02553645833333332 0.04312037037037031
4 0.34435937499999997 0.5959166666666667 0.018369791666666656 0.04560185185185185
5 0.47829166666666667 0.6543148148148148 0.023499999999999945 0.04659259259259253
3 0.39136979166666663 0.6922222222222223 0.03127604166666664 0.039675925925925844
3 0.5178541666666666 0.6522222222222221 0.02016666666666668 0.037342592592592525
3 0.29339062499999996 0.6773611111111111 0.02269791666666663 0.046379629629629555
4 0.27772395833333335 0.6122222222222222 0.024453125000000023 0.04164814814814816
5 0.388078125 0.5843148148148147 0.0206666666666667 0.0422685185185186
1 0.5425625000000001 0.6093425925925926 0.02347395833333342 0.0385462962962964
4 0.28215625 0.5662499999999999 0.021322916666666695 0.041657407407407414
3 0.3105572916666667 0.6376851851851852 0.01973437500000005 0.0393055555555556
5 0.4477552083333334 0.6525833333333333 0.025020833333333315 0.04492592592592591
5 0.46884374999999995 0.6939722222222222 0.02158854166666669 0.03756481481481476
0 0.503171875 0.6772685185185185 0.021411458333333282 0.03468518518518522
5 0.4022239583333333 0.619638888888889 0.020817708333333348 0.0455555555555556
0 0.5387760416666667 0.5678796296296296 0.022734375000000046 0.04294444444444455
1 0.5378385416666667 0.6462222222222221 0.021656249999999964 0.03616666666666662
3 0.3952916666666667 0.6575092592592593 0.022921874999999994 0.027351851851851818
4 0.3046041666666667 0.5952777777777778 0.02116666666666672 0.03925000000000009
3 0.48843229166666663 0.709037037037037 0.021484375 0.043074074074074056