0 0.3708489583333333 0.6525185185185185 0.02429166666666672 0.03752777777777775
3 0.42063020833333337 0.6576944444444444 0.02454166666666661 0.04462037037037042
3 0.3271875 0.6189814814814815 0.02211458333333335 0.04464814814814817
5 0.366046875 0.6158611111111111 0.02559895833333338 0.039731481481481555
3 0.42019270833333333 0.7037777777777778 0.026197916666666644 0.04285185185185183
0 0.4493958333333333 0.5946111111111111 0.023098958333333287 0.04162037037037041
3 0.32985416666666667 0.6807129629629629 0.020963541666666665 0.040685185185185234
2 0.43278125 0.6200277777777777 0.0281614583333333 0.04092592592592597
4 0.344515625 0.5959166666666667 0.01847395833333335 0.04558333333333335
3 0.44786979166666663 0.6967685185185185 0.019437499999999965 0.039046296296296364
1 0.537734375 0.616361111111111 0.02424479166666676 0.03957407407407408
5 0.4480625 0.6532592592592592 0.0265625 0.04284259259259258
3 0.2932760416666667 0.6773981481481481 0.022406249999999992 0.046481481481481526
3 0.3106510416666667 0.6374074074074074 0.01996874999999996 0.040018518518518544
0 0.5022604166666667 0.6789444444444445 0.02177083333333331 0.03454629629629625
5 0.39696354166666664 0.5826944444444444 0.01973437500000005 0.04578703703703708
4 0.27790625 0.6124444444444445 0.024343750000000004 0.04153703703703694
5 0.47818229166666665 0.6544166666666666 0.023593749999999976 0.04590740740740734
4 0.282359375 0.5664259259259259 0.021515624999999972 0.04176851851851843
3 0.391609375 0.6929074074074074 0.0316770833333333 0.039629629629629584
1 0.5366041666666667 0.656962962962963 0.022213541666666715 0.03706481481481479
3 0.5163489583333333 0.6532129629629629 0.020005208333333375 0.03724074074074077
5 0.4688072916666667 0.6934259259259259 0.021312500000000036 0.03730555555555552
3 0.3955364583333333 0.6578981481481482 0.024276041666666616 0.02814814814814823
3 0.4880260416666667 0.7105 0.021749999999999995 0.03985185185185182
5 0.4076458333333333 0.6245740740740741 0.020291666666666687 0.04315740740740732
4 0.3045208333333333 0.595 0.02130208333333338 0.039092592592592616