2 0.44378124999999996 0.6463611111111112 0.025411458333333314 0.047361111111111194
3 0.32698958333333333 0.619175925925926 0.022494791666666694 0.04460185185185192
0 0.3684791666666667 0.6503888888888889 0.024734375000000006 0.035805555555555625
3 0.41769270833333333 0.6571481481481481 0.025270833333333322 0.039407407407407356
3 0.38670312500000004 0.69275 0.03024999999999996 0.04293518518518508
5 0.46836979166666665 0.6940740740740741 0.0218385416666667 0.037018518518518534
3 0.3294479166666667 0.6807037037037037 0.02084374999999999 0.04054629629629626
3 0.41512499999999997 0.700787037037037 0.02645833333333331 0.04320370370370378
5 0.48121875000000003 0.6582407407407407 0.022677083333333313 0.047129629629629716
5 0.3657447916666667 0.6135833333333333 0.02563541666666668 0.04099074074074072
5 0.44627083333333334 0.6975277777777779 0.021890624999999986 0.04966666666666676
4 0.34446875 0.5960925925925926 0.018401041666666628 0.045759259259259326
3 0.29294270833333336 0.6773703703703703 0.02236458333333336 0.04668518518518525
5 0.39693229166666666 0.5822777777777778 0.019932291666666657 0.046064814814814815
1 0.5374427083333334 0.6165833333333333 0.024375000000000095 0.04030555555555553
4 0.277734375 0.6124444444444445 0.024302083333333377 0.04186111111111115
0 0.5020052083333334 0.678888888888889 0.02179687499999995 0.03423148148148151
4 0.2825208333333334 0.566462962962963 0.02138020833333331 0.04181481481481489
3 0.516078125 0.6532129629629629 0.020223958333333295 0.03681481481481481
3 0.31037499999999996 0.6376111111111111 0.020010416666666704 0.03944444444444436
1 0.5363541666666667 0.6571203703703704 0.022067708333333276 0.0364351851851851
5 0.39979166666666666 0.625175925925926 0.02390104166666672 0.03546296296296292
4 0.30448437500000003 0.5953055555555555 0.021145833333333287 0.03925000000000009
3 0.4874322916666667 0.7098981481481482 0.02163020833333332 0.0408055555555555
3 0.39229687500000004 0.6575 0.02584895833333339 0.027879629629629536