2 0.44456770833333337 0.6463518518518518 0.024411458333333278 0.0481203703703704
3 0.3377239583333333 0.6433425925925925 0.024583333333333356 0.04428703703703697
3 0.41515625 0.7016759259259259 0.026229166666666616 0.043462962962963016
1 0.5379010416666666 0.6163703703703703 0.024531249999999952 0.03983333333333332
0 0.368546875 0.6548888888888889 0.02216145833333331 0.041842592592592646
3 0.4186666666666667 0.6553055555555556 0.02635937499999995 0.04048148148148151
5 0.481859375 0.6580462962962963 0.02279687499999999 0.047120370370370465
3 0.2938177083333333 0.6772870370370371 0.023302083333333338 0.04725925925925922
5 0.3719427083333333 0.5818333333333333 0.024140624999999954 0.04379629629629626
3 0.3127864583333333 0.6463333333333333 0.01835416666666667 0.04352777777777777
3 0.38707812500000005 0.6926111111111111 0.029635416666666713 0.04448148148148145
5 0.4689583333333333 0.6940925925925926 0.02190624999999997 0.0371203703703703
5 0.44674479166666664 0.6974074074074075 0.021557291666666718 0.04982407407407402
3 0.5165677083333333 0.6531759259259259 0.020130208333333382 0.037055555555555536
4 0.2767708333333333 0.6166574074074074 0.024203125000000013 0.0444537037037037
3 0.32091666666666663 0.6814074074074074 0.02077083333333339 0.041305555555555463
0 0.5025104166666667 0.6792314814814815 0.02173437500000001 0.03359259259259257
1 0.5367395833333333 0.6569259259259259 0.02209895833333325 0.037092592592592545
4 0.2955416666666667 0.5923148148148148 0.02549479166666669 0.035398148148148165
5 0.39702604166666666 0.5814537037037038 0.019921875 0.0466574074074075
5 0.40059374999999997 0.6245555555555555 0.02442708333333338 0.03524999999999994
4 0.49746875 0.26008333333333333 0.018739583333333344 0.04024074074074077
3 0.39295833333333335 0.6568240740740741 0.025968749999999947 0.0294444444444444
3 0.48792708333333334 0.7092685185185185 0.021973958333333363 0.041712962962962924
3 0.4878489583333333 0.4660462962962963 0.01909895833333337 0.030861111111111148