2 0.4442864583333333 0.6462685185185185 0.0242552083333333 0.04791666666666667
3 0.4182552083333333 0.6554722222222222 0.026260416666666706 0.04106481481481473
3 0.31241145833333334 0.6461203703703703 0.018760416666666658 0.043620370370370275
3 0.414984375 0.7009166666666666 0.02627083333333336 0.0444537037037037
3 0.38708333333333333 0.6925462962962964 0.029796875000000018 0.04516666666666664
3 0.29364583333333333 0.6771574074074075 0.023510416666666718 0.04698148148148149
5 0.3716770833333333 0.5818333333333333 0.024307291666666706 0.04375
1 0.53759375 0.616361111111111 0.024411458333333278 0.039685185185185094
0 0.36828125 0.6546388888888889 0.02219791666666661 0.041981481481481404
3 0.48612500000000003 0.4584351851851852 0.021635416666666647 0.03537037037037041
5 0.468671875 0.6937407407407408 0.02159375000000002 0.037055555555555536
5 0.48170833333333335 0.6579351851851852 0.022953124999999967 0.047388888888888946
3 0.3206979166666667 0.6813055555555555 0.020729166666666642 0.0411851851851852
5 0.44666666666666666 0.6972407407407407 0.021973958333333363 0.04956481481481479
3 0.5161822916666667 0.6530555555555555 0.02030729166666667 0.037342592592592525
3 0.3374270833333333 0.6432129629629629 0.02449999999999998 0.044416666666666695
1 0.53653125 0.65675 0.022270833333333448 0.0371203703703703
4 0.27641145833333336 0.6165833333333333 0.02432291666666669 0.04486111111111115
0 0.5022604166666667 0.679074074074074 0.021984375000000018 0.0338888888888888
4 0.2952083333333333 0.5925092592592592 0.02550520833333335 0.03518518518518519
5 0.40007291666666667 0.6244814814814815 0.02432291666666669 0.0345925925925925
5 0.3967395833333333 0.5814907407407407 0.02009895833333329 0.046351851851851804
3 0.39286979166666663 0.6566481481481481 0.02635416666666662 0.03036111111111108
3 0.487765625 0.7094074074074074 0.021755208333333324 0.041305555555555463