0 0.4205520833333333 0.6191018518518518 0.02623958333333339 0.044990740740740665
5 0.5165677083333333 0.5406574074074074 0.025057291666666613 0.038740740740740666
3 0.3770729166666667 0.5662407407407407 0.021791666666666622 0.04251851851851859
5 0.5265677083333333 0.6915092592592593 0.026395833333333247 0.04329629629629629
3 0.34394270833333335 0.5458888888888889 0.025447916666666615 0.044111111111111205
0 0.38314583333333335 0.6793981481481481 0.02216145833333331 0.046416666666666766
0 0.36547395833333335 0.6286944444444444 0.02396874999999999 0.050694444444444445
3 0.4625208333333333 0.5581666666666667 0.02582812499999996 0.036472222222222316
3 0.30278645833333334 0.6094259259259259 0.020921875000000038 0.046722222222222255
1 0.46207291666666667 0.6420833333333333 0.023515625000000047 0.03750925925925925
5 0.5461197916666667 0.5408333333333334 0.02642708333333322 0.03518518518518519
5 0.5037083333333333 0.6118333333333333 0.027249999999999965 0.03437962962962973
5 0.5004114583333333 0.5755 0.02417708333333337 0.035166666666666686