2 0.44419270833333335 0.6462962962962963 0.024348958333333334 0.04829629629629637
3 0.337390625 0.6433796296296297 0.024442708333333365 0.04464814814814817
3 0.41824999999999996 0.65525 0.02603645833333334 0.04091666666666672
5 0.3714375 0.5817407407407407 0.024239583333333314 0.04407407407407399
3 0.4149895833333333 0.7011203703703704 0.026369791666666722 0.04366666666666674
3 0.387265625 0.692925925925926 0.02919270833333331 0.04484259259259265
0 0.3683125 0.6545925925925926 0.022187499999999954 0.04146296296296294
3 0.29357812499999997 0.6772685185185185 0.023104166666666613 0.04660185185185178
3 0.3124166666666667 0.646425925925926 0.01856250000000005 0.043787037037037006
5 0.4815833333333333 0.6581296296296296 0.02269791666666663 0.04755555555555546
1 0.5374895833333333 0.6164444444444445 0.024598958333333344 0.04019444444444452
5 0.44673958333333336 0.6975370370370371 0.02195312500000005 0.04961111111111104
3 0.320828125 0.6813148148148148 0.02069791666666667 0.041342592592592674
4 0.2764375 0.6166574074074074 0.024531249999999952 0.044388888888888936
0 0.5023489583333334 0.6790092592592593 0.021859375000000014 0.0338703703703703
5 0.468796875 0.6937962962962962 0.02168750000000005 0.03685185185185181
4 0.29503645833333336 0.5924351851851852 0.025520833333333333 0.035046296296296214
5 0.3965052083333333 0.5813518518518519 0.020130208333333382 0.046638888888888785
1 0.5365989583333334 0.6569907407407407 0.022390624999999886 0.037027777777777784
5 0.40005208333333336 0.6242037037037037 0.024130208333333295 0.03501851851851846
3 0.5161666666666667 0.6532592592592592 0.020432291666666675 0.03728703703703702
3 0.39281770833333335 0.6564537037037037 0.02644791666666665 0.029472222222222153
3 0.48796354166666667 0.7082962962962963 0.020979166666666653 0.041749999999999926