3 0.344390625 0.6507870370370371 0.022515625000000008 0.04818518518518515
2 0.45103125 0.6434907407407408 0.02244270833333329 0.04797222222222217
1 0.5456406250000001 0.6020740740740741 0.024656250000000077 0.039629629629629584
3 0.427734375 0.6999537037037038 0.025583333333333277 0.04484259259259265
3 0.32297395833333337 0.6620833333333332 0.01921354166666672 0.04487962962962966
3 0.4247760416666667 0.655425925925926 0.025885416666666692 0.04227777777777785
5 0.455625 0.6936574074074073 0.021989583333333347 0.049703703703703764
3 0.39567708333333335 0.6914537037037037 0.03299479166666662 0.041398148148148184
3 0.5212447916666666 0.6355462962962963 0.02094270833333335 0.038416666666666675
0 0.3753489583333333 0.6599999999999999 0.02074479166666663 0.04422222222222221
0 0.511015625 0.6675833333333333 0.022390625000000004 0.03364814814814807
3 0.34277083333333336 0.6938055555555555 0.024234374999999985 0.03422222222222226
5 0.48759375 0.6505555555555556 0.02396874999999999 0.04677777777777776
5 0.375375 0.5861481481481481 0.023557291666666678 0.04396296296296298
3 0.49683854166666663 0.7021666666666667 0.02031770833333333 0.04224074074074064
1 0.5415572916666667 0.6421481481481481 0.020437499999999886 0.04087037037037046
5 0.4007760416666667 0.5836111111111111 0.019833333333333297 0.0466574074074075
5 0.4059427083333333 0.6260092592592593 0.02495833333333337 0.03426851851851851
3 0.3988229166666667 0.6582314814814815 0.02592187499999999 0.0294074074074074
3 0.28473437500000004 0.6711203703703703 0.022708333333333285 0.04418518518518521