3 0.34434375 0.6507777777777778 0.022505208333333353 0.048425925925925886
2 0.4510416666666667 0.6433055555555556 0.02248437500000004 0.04787037037037041
3 0.42772916666666666 0.6998796296296297 0.02563541666666668 0.04453703703703695
3 0.323 0.6617685185185186 0.01931249999999996 0.044435185185185196
5 0.4555677083333334 0.693787037037037 0.021739583333333336 0.049324074074074055
5 0.37523958333333335 0.5860092592592593 0.02332812499999998 0.044018518518518485
3 0.42478125 0.6551018518518519 0.025515625000000004 0.04183333333333339
3 0.3956822916666667 0.6909722222222222 0.032213541666666616 0.04124999999999996
0 0.37533333333333335 0.65975 0.020468749999999977 0.04424999999999996
5 0.48668750000000005 0.6501388888888888 0.02372395833333331 0.0477777777777777
3 0.34222395833333336 0.6937314814814814 0.02414583333333328 0.03404629629629628
3 0.5300052083333333 0.6513796296296296 0.021140624999999958 0.038009259259259215
0 0.5099895833333333 0.6646388888888889 0.01994791666666664 0.0400833333333333
3 0.49688541666666663 0.7022222222222222 0.01994791666666664 0.043074074074074056
5 0.40069270833333337 0.5833518518518518 0.019578124999999957 0.046611111111111034
1 0.530046875 0.7038055555555556 0.023885416666666732 0.03566666666666665
5 0.405765625 0.6260185185185185 0.025026041666666644 0.03494444444444445
3 0.39885937499999996 0.6583333333333333 0.026307291666666663 0.029805555555555606
3 0.28434895833333335 0.6718796296296297 0.022625000000000027 0.045703703703703615
5 0.478203125 0.6887962962962962 0.01954166666666666 0.0374814814814815