3 0.34464062500000003 0.6505 0.02236979166666669 0.048092592592592645
3 0.4252916666666666 0.6988148148148149 0.025796874999999986 0.044972222222222163
3 0.32338541666666665 0.6616203703703704 0.019270833333333334 0.044361111111111184
3 0.394640625 0.6883518518518518 0.03195833333333328 0.04038888888888879
5 0.48955729166666667 0.649425925925926 0.02387499999999996 0.044009259259259234
5 0.48234895833333336 0.6988148148148149 0.02202083333333332 0.03869444444444441
0 0.3756197916666667 0.6591666666666667 0.020234374999999954 0.044759259259259186
3 0.5319947916666667 0.650611111111111 0.02113541666666663 0.0374814814814815
3 0.342640625 0.6935555555555555 0.024119791666666637 0.033675925925925825
5 0.4546458333333333 0.684675925925926 0.025338541666666714 0.0444537037037037
5 0.3746145833333333 0.5853333333333333 0.02219270833333328 0.04480555555555565
5 0.39709374999999997 0.5810185185185185 0.020895833333333277 0.045675925925925856
1 0.5307760416666667 0.7030185185185185 0.023885416666666614 0.03592592592592588
5 0.4032604166666667 0.6206481481481481 0.02517187499999996 0.034981481481481454
3 0.5087291666666667 0.7010277777777778 0.02290104166666668 0.04375925925925925
0 0.511984375 0.6608611111111111 0.019229166666666703 0.04089814814814822
3 0.39934895833333334 0.6532685185185185 0.026005208333333366 0.029148148148148166
3 0.28485416666666663 0.6732037037037036 0.023666666666666693 0.04357407407407402