3 0.3445989583333333 0.6507777777777778 0.0223020833333333 0.04844444444444439
3 0.4248958333333333 0.6986851851851852 0.025447916666666615 0.04517592592592589
0 0.37535937500000005 0.6592037037037037 0.02084895833333332 0.0455185185185186
5 0.47829166666666667 0.6337777777777778 0.026510416666666713 0.04218518518518514
3 0.3232708333333333 0.6616574074074074 0.019380208333333353 0.04418518518518521
3 0.5090520833333333 0.7044166666666667 0.022088541666666708 0.04261111111111109
3 0.39453125 0.6884166666666667 0.032192708333333306 0.04051851851851851
5 0.48181770833333337 0.6985740740740741 0.021739583333333336 0.038722222222222165
5 0.40336458333333336 0.6207314814814815 0.02539583333333333 0.034731481481481474
3 0.34224479166666666 0.6938240740740741 0.02396354166666666 0.033462962962963055
5 0.45270312500000004 0.6874444444444445 0.02471354166666669 0.04423148148148146
3 0.28453124999999996 0.6723888888888888 0.024515624999999968 0.044379629629629685
5 0.3977552083333334 0.5812777777777778 0.021552083333333392 0.04521296296296289
1 0.5313229166666668 0.7048611111111112 0.022536458333333325 0.039712962962963054
5 0.3751041666666667 0.5850925925925926 0.022625000000000027 0.044407407407407444
3 0.3990208333333333 0.6532222222222223 0.025786458333333328 0.029009259259259193