3 0.344734375 0.6505648148148149 0.022401041666666663 0.0482314814814814
3 0.425265625 0.6988703703703704 0.026187499999999985 0.04526851851851861
3 0.3233489583333334 0.6616481481481482 0.019401041666666667 0.0448703703703704
5 0.4784791666666666 0.633425925925926 0.02639062500000004 0.04175925925925918
0 0.3755833333333333 0.6591759259259259 0.02042187500000002 0.04525925925925936
3 0.5093333333333333 0.7043518518518519 0.022411458333333318 0.04290740740740733
5 0.481296875 0.6986203703703704 0.022171874999999966 0.03855555555555565
5 0.453796875 0.6914074074074075 0.023281250000000024 0.04831481481481487
5 0.4036822916666667 0.6206666666666667 0.02517708333333329 0.03426851851851851
3 0.34254687500000003 0.6935462962962963 0.02401041666666662 0.03404629629629628
5 0.39772395833333335 0.5808425925925925 0.021286458333333275 0.045111111111111137
5 0.37508854166666666 0.5850925925925926 0.022203125000000056 0.0445092592592592
1 0.5316041666666667 0.7049722222222222 0.022406249999999992 0.039481481481481576
3 0.39921354166666667 0.6531296296296296 0.025979166666666723 0.02876851851851846
3 0.3945677083333334 0.6885 0.032515625000000034 0.04062037037037027
3 0.2847864583333333 0.6723518518518519 0.024984375000000014 0.04356481481481477