3 0.34468229166666664 0.6506574074074074 0.022572916666666623 0.048675925925925866
3 0.4252447916666667 0.6985462962962963 0.02602083333333335 0.045101851851851886
3 0.3232708333333333 0.6615833333333333 0.019453124999999953 0.04446296296296295
0 0.37543750000000004 0.659037037037037 0.020437500000000004 0.04513888888888889
5 0.4810989583333333 0.6986203703703704 0.022250000000000013 0.0386203703703704
3 0.5091510416666667 0.7041851851851851 0.022348958333333377 0.04267592592592585
3 0.3947395833333333 0.6882685185185186 0.03208333333333328 0.040379629629629536
5 0.453625 0.6910740740740741 0.023359374999999953 0.04850925925925935
3 0.3423489583333333 0.6935462962962963 0.024026041666666723 0.03380555555555555
5 0.4034739583333333 0.6207685185185184 0.025114583333333346 0.0345555555555555
5 0.397578125 0.5809074074074074 0.021354166666666667 0.04548148148148138
5 0.37504166666666666 0.5848518518518518 0.022515625000000008 0.04460185185185192
1 0.5315260416666666 0.704712962962963 0.022421875000000095 0.0393055555555556
3 0.3989322916666667 0.6529907407407407 0.025786458333333328 0.028796296296296212
3 0.28470833333333334 0.6721111111111111 0.024557291666666713 0.043703703703703745