3 0.32095833333333335 0.4871018518518519 0.03053645833333339 0.04655555555555553
5 0.478703125 0.642425925925926 0.024937500000000057 0.04651851851851853
5 0.49024999999999996 0.6963796296296296 0.022494791666666694 0.04052777777777776
3 0.32241145833333335 0.6615648148148148 0.0199583333333333 0.0448148148148149
3 0.503328125 0.56525 0.025843749999999943 0.042648148148148095
5 0.4098697916666667 0.544037037037037 0.020567708333333337 0.044120370370370456
5 0.3731770833333333 0.5764166666666667 0.024880208333333324 0.042009259259259156
3 0.5197552083333333 0.6803796296296296 0.025343750000000043 0.03695370370370378
3 0.37942708333333336 0.6748333333333334 0.02450520833333331 0.03611111111111111
5 0.38980729166666667 0.5466944444444444 0.019546874999999984 0.044435185185185196
3 0.28422395833333336 0.6724074074074075 0.024880208333333324 0.04388888888888897
1 0.5421927083333333 0.689787037037037 0.023354166666666742 0.037990740740740714