5 0.478890625 0.6423981481481481 0.02484895833333335 0.04612037037037032
5 0.4905 0.6964814814814815 0.022401041666666663 0.040361111111111035
3 0.5200052083333333 0.6803796296296296 0.02548958333333336 0.036712962962963044
3 0.32254166666666667 0.6615740740740741 0.02006770833333332 0.04460185185185192
5 0.40988541666666667 0.5440185185185185 0.020463541666666647 0.04414814814814821
5 0.37329687500000003 0.5764259259259259 0.025156249999999977 0.04153703703703694
3 0.37961458333333337 0.6750277777777778 0.0245729166666667 0.03549999999999993
5 0.38969270833333336 0.5465462962962963 0.019796874999999995 0.04428703703703697
3 0.5090781249999999 0.5585462962962963 0.02709895833333332 0.04396296296296298
1 0.5424947916666666 0.6899722222222222 0.02346354166666676 0.03757407407407401
3 0.28448958333333335 0.6723981481481482 0.025005208333333327 0.044046296296296236