5 0.4816822916666667 0.5034259259259259 0.023734374999999967 0.03762962962962972
5 0.39284375 0.42891666666666667 0.020796875000000034 0.033074074074074096
4 0.5255104166666666 0.6730462962962963 0.02301562500000003 0.04117592592592595
5 0.5023958333333334 0.31276851851851856 0.02389583333333339 0.03837962962962967
5 0.3666875 0.5840648148148148 0.022645833333333344 0.04152777777777769
0 0.49673958333333335 0.5279722222222223 0.020406250000000032 0.03479629629629623
5 0.4888125 0.2543611111111111 0.024192708333333358 0.033194444444444464
2 0.4765 0.5639259259259259 0.021651041666666634 0.04953703703703704
3 0.33777604166666664 0.4557592592592593 0.0245729166666667 0.05161111111111112
3 0.3652708333333334 0.24147222222222225 0.021218750000000005 0.04461111111111107
1 0.32607812500000005 0.26319444444444445 0.020151041666666696 0.04695370370370374
0 0.481828125 0.45885185185185184 0.02553645833333332 0.03779629629629634
2 0.36893750000000003 0.6370092592592593 0.02602083333333335 0.042666666666666596
4 0.43317187500000004 0.3307777777777778 0.027479166666666662 0.039379629629629605
0 0.37565624999999997 0.4038055555555556 0.02808333333333337 0.040453703703703756
2 0.5078177083333333 0.4845277777777777 0.02297395833333328 0.03900925925925936
3 0.29078645833333333 0.37419444444444444 0.025135416666666664 0.046296296296296294
5 0.35081249999999997 0.27714814814814814 0.02703125000000005 0.04324074074074078
4 0.43674999999999997 0.45037037037037037 0.025697916666666622 0.03823148148148145
5 0.4400729166666667 0.668537037037037 0.02951562500000004 0.03642592592592585
4 0.3863333333333333 0.23844444444444443 0.020187499999999994 0.038833333333333386
4 0.39885937499999996 0.35318518518518516 0.022239583333333358 0.036203703703703724
2 0.5131875 0.5524259259259259 0.02439062499999996 0.03953703703703708
0 0.51571875 0.39794444444444443 0.020135416666666708 0.04325000000000003
3 0.5169010416666667 0.35591666666666666 0.01963020833333336 0.03941666666666671
2 0.55453125 0.6708148148148149 0.022083333333333382 0.03626851851851859
0 0.5256666666666666 0.44046296296296295 0.021427083333333267 0.04206481481481477
4 0.47250520833333337 0.3449907407407407 0.021395833333333295 0.036361111111111094
5 0.5349635416666667 0.38746296296296295 0.020583333333333325 0.034759259259259226
4 0.3807552083333333 0.503212962962963 0.024791666666666618 0.04472222222222218
4 0.32864583333333336 0.4971481481481481 0.025234375000000024 0.0349351851851852
0 0.3612916666666666 0.4804907407407407 0.028156249999999973 0.046083333333333316
0 0.5482135416666666 0.5360185185185184 0.026942708333333343 0.037537037037037
2 0.31690625 0.47240740740740744 0.02290104166666668 0.03243518518518516
4 0.458453125 0.582462962962963 0.018390624999999973 0.04089814814814822
3 0.5388854166666667 0.3491666666666667 0.025302083333333295 0.03716666666666665
0 0.5476041666666667 0.48120370370370374 0.023375000000000055 0.039712962962963054
3 0.3153020833333333 0.33868518518518514 0.02344270833333333 0.03813888888888894
1 0.36746354166666667 0.3216203703703704 0.024197916666666687 0.03652777777777782
4 0.30733333333333335 0.4123055555555556 0.032109375000000044 0.034722222222222224
1 0.4823177083333333 0.41107407407407404 0.021312500000000036 0.042249999999999996
2 0.4308125 0.6328055555555555 0.02364583333333338 0.039481481481481576
4 0.33943229166666666 0.6375 0.020682291666666686 0.03997222222222229
5 0.38452604166666665 0.547425925925926 0.019869791666666713 0.032416666666666656
0 0.42578125 0.5331203703703703 0.021322916666666695 0.038962962962962894
0 0.39053125000000005 0.5812407407407407 0.023177083333333334 0.03298148148148138
3 0.3774635416666667 0.36086111111111113 0.02254687499999998 0.0429907407407407
0 0.340875 0.5245000000000001 0.020125000000000053 0.03424074074074076
4 0.5039374999999999 0.4322777777777778 0.022276041666666656 0.0408240740740741
3 0.38095312499999995 0.6777777777777778 0.022921874999999994 0.03654629629629632
5 0.407390625 0.514212962962963 0.02119791666666669 0.03626851851851859
1 0.43302604166666664 0.40349999999999997 0.024338541666666675 0.03646296296296296
3 0.30723958333333334 0.246 0.018072916666666692 0.03851851851851854
5 0.413828125 0.5903703703703704 0.017697916666666678 0.038009259259259215
3 0.3437864583333334 0.23990740740740743 0.020468749999999977 0.03129629629629625
3 0.45571354166666667 0.6284907407407407 0.025578124999999948 0.034361111111111016
2 0.456953125 0.22974999999999998 0.02734895833333333 0.03371296296296293
0 0.5407135416666667 0.6427962962962963 0.02229166666666676 0.03727777777777777
2 0.47961458333333334 0.2955648148148148 0.02414583333333328 0.041574074074074055
1 0.46238541666666666 0.3831296296296296 0.025473958333333376 0.03513888888888893
0 0.4046822916666667 0.39423148148148146 0.02754687500000005 0.03953703703703708
0 0.43278645833333335 0.2922685185185185 0.025979166666666723 0.03646296296296296
0 0.4069895833333333 0.2338240740740741 0.02084374999999999 0.041564814814814804
3 0.4308125 0.25033333333333335 0.025411458333333314 0.04073148148148149
2 0.40568229166666664 0.5558333333333333 0.021427083333333385 0.04365740740740749
2 0.39434375 0.46685185185185185 0.026578124999999987 0.03668518518518519
2 0.45675000000000004 0.2687685185185185 0.025562499999999964 0.04136111111111107
5 0.41610416666666666 0.6919351851851852 0.022510416666666682 0.04582407407407408
0 0.43061979166666664 0.4945648148148148 0.024598958333333344 0.03727777777777777
2 0.377171875 0.27727777777777773 0.024057291666666696 0.03615740740740737
1 0.4457760416666667 0.5504629629629629 0.023838541666666657 0.037416666666666744
0 0.42231250000000004 0.36700925925925926 0.024088541666666668 0.03628703703703709
3 0.4153854166666667 0.4351759259259259 0.024166666666666715 0.037685185185185224
4 0.33593229166666666 0.32051851851851854 0.019369791666666695 0.03700925925925928
3 0.3625625 0.5299351851851852 0.022427083333333306 0.04618518518518529
0 0.4500885416666666 0.3524351851851852 0.022213541666666715 0.03723148148148152
2 0.43458854166666666 0.5856759259259259 0.02390625000000005 0.03966666666666659
2 0.45578645833333337 0.41830555555555554 0.028505208333333344 0.037037037037037035
5 0.49493229166666663 0.34759259259259256 0.02195312500000005 0.029157407407407417
2 0.41121874999999997 0.2778240740740741 0.02248437500000004 0.040787037037037
1 0.492125 0.3811666666666667 0.025364583333333357 0.03448148148148149
3 0.302953125 0.2853888888888889 0.018979166666666696 0.03524074074074069
4 0.3959322916666667 0.6999166666666666 0.01842708333333339 0.03707407407407404
3 0.31711458333333337 0.3017962962962963 0.018416666666666616 0.03485185185185184
3 0.4159114583333333 0.47477777777777774 0.018489583333333334 0.03501851851851846
1 0.41298437499999996 0.31813888888888886 0.019557291666666643 0.03135185185185187
3 0.3893125 0.6177037037037038 0.023848958333333316 0.03519444444444444
3 0.33925520833333334 0.6770370370370371 0.027541666666666725 0.03300925925925934
3 0.347578125 0.5582870370370371 0.02258333333333328 0.0322962962962964
3 0.40331770833333336 0.6511666666666667 0.024458333333333353 0.04526851851851861
2 0.39081770833333335 0.3040555555555556 0.022958333333333296 0.03512037037037032
3 0.508171875 0.276287037037037 0.021536458333333286 0.030916666666666655
2 0.457796875 0.3114074074074074 0.02595833333333329 0.0404444444444444