5 0.48135937500000003 0.503287037037037 0.02364583333333338 0.03783333333333324
2 0.47618229166666665 0.563787037037037 0.021312500000000036 0.04968518518518526
4 0.5254010416666667 0.6730462962962963 0.023057291666666656 0.041037037037036976
2 0.507609375 0.48415740740740737 0.022963541666666625 0.03876851851851842
5 0.3927552083333333 0.4297685185185185 0.02101562499999995 0.03218518518518518
5 0.5122760416666667 0.31777777777777777 0.02325520833333338 0.03587962962962963
3 0.33752604166666667 0.4555462962962963 0.02440624999999995 0.05188888888888885
2 0.49610937499999996 0.2237962962962963 0.025869791666666704 0.036351851851851844
0 0.49636458333333333 0.5279537037037038 0.02041666666666669 0.03466666666666672
5 0.3660729166666667 0.5840000000000001 0.022958333333333296 0.04177777777777768
4 0.47274479166666666 0.3479814814814815 0.021406249999999953 0.0374814814814815
0 0.4816614583333333 0.45858333333333334 0.02553645833333332 0.03794444444444446
4 0.434953125 0.3318425925925926 0.027291666666666714 0.03686111111111106
1 0.32632291666666663 0.26313888888888887 0.02041145833333336 0.047027777777777745
2 0.5127864583333334 0.5523425925925926 0.024270833333333287 0.03950925925925933
2 0.36869270833333334 0.6369351851851852 0.02560416666666671 0.04311111111111106
3 0.29100000000000004 0.3737592592592593 0.025369791666666686 0.046472222222222165
5 0.43991145833333334 0.6679814814814814 0.02958333333333331 0.03624074074074083
2 0.405859375 0.293462962962963 0.026541666666666686 0.037185185185185154
4 0.328359375 0.4967685185185185 0.02540104166666666 0.035157407407407436
2 0.5544791666666666 0.6708703703703703 0.02180729166666661 0.035777777777777874
0 0.3609583333333333 0.48048148148148145 0.028250000000000004 0.04654629629629628
3 0.31553125000000004 0.3384537037037037 0.023572916666666662 0.03808333333333333
5 0.535109375 0.38712037037037034 0.02049479166666662 0.035379629629629664
5 0.48948958333333337 0.25728703703703704 0.02481770833333338 0.03396296296296292
3 0.5394114583333334 0.34857407407407404 0.024578125000000027 0.0356759259259259
4 0.38043229166666664 0.5032314814814814 0.02482291666666671 0.044314814814814724
2 0.38059375 0.284462962962963 0.022536458333333325 0.03533333333333331
4 0.39774479166666665 0.3546666666666667 0.02464062499999997 0.036361111111111094
2 0.43415625 0.5855925925925927 0.023499999999999945 0.03944444444444436
0 0.5478854166666667 0.536 0.026906249999999923 0.03780555555555549
3 0.30750520833333334 0.24604629629629632 0.01790104166666661 0.03873148148148152
4 0.30743229166666663 0.4121296296296296 0.03206249999999997 0.034185185185185145
5 0.3512552083333333 0.2781851851851852 0.026718749999999975 0.0434074074074074
0 0.43804166666666666 0.22078703703703703 0.02063541666666661 0.042388888888888865
2 0.3164375 0.4718703703703704 0.02319270833333332 0.0322962962962964
5 0.4958489583333333 0.34737962962962965 0.022213541666666715 0.03022222222222221
0 0.5473333333333333 0.4810648148148148 0.023281249999999906 0.03998148148148154
4 0.4380625 0.4519444444444445 0.026182291666666656 0.03811111111111108
2 0.46127604166666664 0.2713796296296296 0.02649479166666661 0.03752777777777775
0 0.525625 0.439962962962963 0.021041666666666715 0.04261111111111109
4 0.4581145833333334 0.5822129629629629 0.01824999999999998 0.0411666666666667
0 0.39024479166666665 0.58125 0.023302083333333338 0.032796296296296365
1 0.4637604166666666 0.38491666666666663 0.025520833333333333 0.03545370370370367
4 0.33930208333333334 0.6374722222222222 0.020536458333333365 0.03985185185185182
3 0.517421875 0.35726851851851854 0.01998958333333339 0.03592592592592588
3 0.3754895833333334 0.36109259259259263 0.022062499999999947 0.04262037037037034
5 0.40692708333333333 0.51375 0.021348958333333338 0.03586111111111113
3 0.4609010416666666 0.22256481481481483 0.023416666666666686 0.05019444444444448
1 0.4336979166666667 0.40364814814814814 0.02429166666666672 0.03536111111111106
3 0.34442708333333333 0.24055555555555558 0.021156249999999942 0.031000000000000017
5 0.38416666666666666 0.5471666666666667 0.020036458333333347 0.03313888888888886
0 0.5159166666666667 0.3977685185185185 0.020286458333333358 0.04398148148148148
3 0.403140625 0.6516018518518518 0.0245729166666667 0.04585185185185184
1 0.36407291666666663 0.3224722222222222 0.023171875000000005 0.034018518518518524
2 0.43041145833333333 0.6327777777777778 0.02329166666666668 0.039685185185185094
4 0.5039010416666667 0.43202777777777773 0.02190104166666664 0.04095370370370372
0 0.4251510416666667 0.5329259259259259 0.02117187500000005 0.03867592592592591
0 0.43028125 0.4941296296296296 0.024057291666666696 0.0382407407407407
3 0.45536979166666663 0.6285185185185185 0.025520833333333333 0.0345555555555555
0 0.340359375 0.5248148148148147 0.020473958333333306 0.0341574074074075
3 0.3810260416666667 0.6776851851851852 0.023031250000000014 0.03652777777777782
2 0.3941458333333333 0.46694444444444444 0.026473958333333294 0.03640740740740745
0 0.540390625 0.6428148148148148 0.022031250000000096 0.03747222222222225
1 0.44511979166666665 0.5500092592592593 0.023703124999999995 0.0371203703703703
0 0.42297395833333334 0.3675185185185185 0.02428645833333339 0.03587037037037038
0 0.4361666666666667 0.2933425925925926 0.024161458333333385 0.03545370370370367
2 0.45622395833333335 0.4197592592592592 0.027598958333333336 0.037888888888888854
5 0.41369791666666667 0.5900648148148148 0.017385416666666723 0.038388888888888924
5 0.4160520833333334 0.6921018518518519 0.022312499999999957 0.0456111111111111
2 0.3881770833333333 0.3200925925925926 0.022645833333333344 0.036231481481481476
2 0.40546354166666665 0.5560277777777778 0.021505208333333314 0.04384259259259251
0 0.45080729166666667 0.3540185185185185 0.021505208333333314 0.038388888888888924
3 0.3390416666666667 0.6768148148148149 0.027187500000000024 0.033037037037037094
4 0.33610937500000004 0.3199722222222222 0.019468750000000055 0.03659259259259257
3 0.4149322916666666 0.4353796296296296 0.02378645833333337 0.036777777777777805
3 0.36205729166666667 0.5299074074074074 0.022171874999999966 0.04626851851851854
2 0.45952604166666666 0.31171296296296297 0.026161458333333342 0.040212962962962916
1 0.48264583333333333 0.41185185185185186 0.021177083333333378 0.04193518518518515
3 0.3032447916666667 0.28541666666666665 0.01847395833333335 0.035398148148148165
4 0.39596875 0.700212962962963 0.01786458333333331 0.036074074074074106
3 0.4157604166666667 0.47492592592592586 0.019119791666666684 0.03446296296296299
2 0.48672916666666666 0.3086481481481481 0.02431770833333336 0.04560185185185185
3 0.34729166666666667 0.5580740740740741 0.022604166666666713 0.03341666666666659
0 0.40506770833333333 0.39490740740740743 0.027499999999999976 0.03993518518518518
1 0.4922916666666667 0.3810555555555556 0.024479166666666666 0.034166666666666644
1 0.41226562499999997 0.32775000000000004 0.021640624999999976 0.032555555555555525
0 0.3760364583333333 0.40525 0.029125000000000036 0.040870370370370356
3 0.31757291666666665 0.3011388888888889 0.018078125000000018 0.03533333333333331
3 0.5098229166666667 0.2803055555555556 0.020963541666666665 0.029879629629629614
3 0.389265625 0.6168055555555555 0.023104166666666613 0.03413888888888879