5 0.481609375 0.50325 0.02364062500000005 0.037435185185185245
2 0.5305624999999999 0.261537037037037 0.020671875000000027 0.04422222222222221
5 0.4886770833333333 0.27062037037037034 0.021994791666666676 0.037037037037037035
4 0.5256510416666667 0.6737777777777777 0.02312500000000005 0.04105555555555548
3 0.33759374999999997 0.45559259259259255 0.024598958333333344 0.05160185185185187
5 0.39248958333333334 0.42957407407407405 0.02063020833333328 0.03145370370370373
5 0.36676041666666664 0.5838518518518518 0.02254166666666665 0.0419259259259259
5 0.5117447916666666 0.318962962962963 0.02322395833333329 0.03657407407407407
2 0.507734375 0.48412037037037037 0.02311458333333339 0.03945370370370361
5 0.5398854166666667 0.3921851851851852 0.019692708333333305 0.03625925925925923
3 0.4968958333333333 0.22146296296296297 0.023145833333333362 0.046314814814814795
4 0.4341770833333333 0.331712962962963 0.02777604166666663 0.03737962962962963
2 0.47660416666666666 0.5645833333333333 0.021515624999999972 0.049305555555555554
0 0.4815364583333333 0.45875925925925926 0.025453124999999945 0.037842592592592594
2 0.36878645833333334 0.6375277777777778 0.025390625 0.042314814814814854
0 0.37564583333333335 0.40474074074074073 0.028427083333333294 0.04026851851851853
4 0.47248437499999996 0.3475648148148148 0.021348958333333338 0.037592592592592615
4 0.43812500000000004 0.45237037037037037 0.02585416666666672 0.03808333333333333
2 0.5132447916666666 0.553 0.02454166666666661 0.039722222222222305
3 0.29047395833333334 0.37363888888888885 0.025197916666666723 0.04558333333333335
1 0.32621354166666666 0.26242592592592595 0.020156250000000025 0.04635185185185191
3 0.31520833333333337 0.33827777777777773 0.023286458333333353 0.03732407407407413
2 0.46353125 0.27419444444444446 0.02699479166666663 0.03900925925925926
4 0.39759375 0.35435185185185186 0.024088541666666668 0.03670370370370369
5 0.44026041666666665 0.6679444444444445 0.029312499999999984 0.036472222222222316
3 0.5390729166666667 0.34882407407407406 0.024994791666666554 0.03721296296296301
0 0.5255520833333333 0.4403518518518518 0.021328124999999906 0.04276851851851846
5 0.49533854166666663 0.348287037037037 0.022421874999999977 0.028981481481481438
4 0.32845833333333335 0.49689814814814814 0.025026041666666644 0.035046296296296214
0 0.5157395833333334 0.39812962962962967 0.020197916666666652 0.0434074074074074
1 0.46317187499999996 0.3842314814814815 0.025421874999999972 0.036240740740740726
2 0.38033333333333336 0.2845185185185185 0.022458333333333278 0.03462037037037036
5 0.38457291666666665 0.5469074074074074 0.01996354166666663 0.033074074074074096
3 0.403171875 0.6522685185185185 0.02443750000000004 0.0455925925925926
4 0.38063541666666667 0.5032314814814814 0.024781249999999963 0.04414814814814821
4 0.45863020833333334 0.582787037037037 0.018270833333333295 0.040777777777777746
2 0.5545052083333334 0.672175925925926 0.02205729166666662 0.03574999999999991
0 0.5482604166666667 0.5366574074074074 0.027140625000000067 0.03782407407407399
5 0.350921875 0.27785185185185185 0.02638541666666671 0.043037037037037054
0 0.3612708333333333 0.4804351851851852 0.028218750000000032 0.04644444444444452
5 0.41401041666666666 0.590462962962963 0.01756770833333334 0.038648148148148154
3 0.45578645833333337 0.6292592592592593 0.0254270833333333 0.03428703703703701
2 0.316671875 0.47188888888888886 0.022937499999999982 0.03199999999999995
1 0.36361458333333335 0.3222407407407407 0.023593749999999976 0.034768518518518476
4 0.30709375 0.4120925925925926 0.03227083333333335 0.03462962962962961
3 0.3754739583333333 0.36112037037037037 0.02205729166666662 0.04287962962962958
2 0.430796875 0.6331851851851852 0.023770833333333387 0.03887037037037039
0 0.39077083333333335 0.580824074074074 0.022640625000000015 0.03382407407407405
0 0.3406927083333333 0.5246296296296297 0.020645833333333384 0.03462962962962971
4 0.503859375 0.43192592592592594 0.02179687499999995 0.04056481481481476
0 0.43584895833333337 0.2938425925925926 0.02439583333333329 0.0345555555555556
3 0.509859375 0.2774166666666667 0.020395833333333377 0.03722222222222227
0 0.5469270833333333 0.48218518518518516 0.022927083333333324 0.04024074074074077
3 0.3443072916666667 0.24019444444444446 0.020869791666666634 0.030518518518518552
0 0.540859375 0.6440462962962964 0.02208854166666659 0.03727777777777777
3 0.517421875 0.3580648148148148 0.02127604166666662 0.034879629629629594
0 0.42571875 0.5332592592592592 0.02084374999999999 0.038657407407407404
1 0.44550520833333335 0.5505740740740741 0.023953125000000006 0.03727777777777777
2 0.43483854166666663 0.5861296296296297 0.02368750000000001 0.03943518518518511
4 0.33965625 0.6375925925925926 0.02016145833333335 0.03912037037037037
3 0.38127083333333334 0.6780740740740742 0.022567708333333294 0.03697222222222228
3 0.3394479166666667 0.6773148148148148 0.02781250000000005 0.033444444444444346
5 0.41623958333333333 0.6928888888888889 0.02219791666666661 0.04579629629629633
0 0.4504114583333333 0.35403703703703704 0.021098958333333327 0.03780555555555559
2 0.4834322916666667 0.30919444444444444 0.02476041666666665 0.04506481481481478
3 0.362265625 0.5298796296296296 0.02190624999999997 0.04653703703703703
3 0.307375 0.24582407407407408 0.017942708333333356 0.03665740740740744
0 0.43043750000000003 0.493925925925926 0.02414583333333328 0.037768518518518486
3 0.41493749999999996 0.4350462962962963 0.02355208333333335 0.037574074074074114
1 0.41184895833333335 0.3272962962962963 0.021499999999999984 0.03198148148148145
3 0.389390625 0.6180462962962963 0.023833333333333328 0.0349722222222222
4 0.3356927083333333 0.31972222222222224 0.019572916666666627 0.036925925925925925
2 0.4559635416666667 0.4194537037037037 0.027145833333333275 0.03832407407407406
2 0.40582812500000004 0.5556851851851852 0.0215208333333333 0.0429907407407408
2 0.3942447916666667 0.46612962962962967 0.026338541666666635 0.036916666666666674
0 0.4227135416666667 0.3672314814814815 0.024161458333333385 0.03631481481481484
3 0.31758854166666667 0.30095370370370367 0.018302083333333385 0.03413888888888889
5 0.4072135416666667 0.5140648148148149 0.021322916666666695 0.03587962962962963
4 0.3960989583333333 0.7002592592592592 0.01864062499999998 0.036675925925925834
3 0.34786979166666665 0.5582777777777779 0.02245312499999995 0.033453703703703805
2 0.3879739583333333 0.3196759259259259 0.022526041666666666 0.03576851851851851
0 0.49651562499999996 0.5281296296296296 0.02052604166666671 0.03492592592592595
3 0.415609375 0.47484259259259265 0.01928124999999999 0.03494444444444445
3 0.3034739583333333 0.28532407407407406 0.019020833333333324 0.03629629629629634
1 0.48211979166666663 0.41227777777777774 0.020859374999999975 0.04212962962962963
2 0.4055885416666667 0.2928518518518518 0.025973958333333276 0.03812962962962958
1 0.49201562499999996 0.3818888888888889 0.02581249999999997 0.03355555555555556
0 0.405 0.39475925925925925 0.026645833333333376 0.03926851851851849
2 0.45882812500000003 0.3126851851851852 0.02688020833333328 0.04201851851851852
1 0.43356770833333336 0.40496296296296297 0.02548958333333336 0.032129629629629675