5 0.4819114583333333 0.5037037037037037 0.023411458333333357 0.037425925925925994
2 0.4575833333333333 0.23552777777777778 0.024802083333333277 0.04200000000000001
2 0.5298645833333333 0.26205555555555554 0.021140624999999958 0.044824074074074044
2 0.380015625 0.29018518518518516 0.02344270833333333 0.03657407407407407
1 0.40741666666666665 0.26746296296296296 0.020463541666666647 0.038833333333333386
2 0.4767395833333333 0.5640555555555555 0.021859375000000014 0.04896296296296306
5 0.488546875 0.26987962962962964 0.022838541666666618 0.03961111111111108
4 0.52534375 0.673074074074074 0.023302083333333338 0.040768518518518496
1 0.3492864583333333 0.4339074074074074 0.023562500000000004 0.03992592592592593
5 0.5122395833333333 0.3186574074074074 0.022937499999999982 0.03642592592592596
5 0.359765625 0.34429629629629627 0.024234374999999985 0.04911111111111108
0 0.49690104166666665 0.5280462962962963 0.020218749999999966 0.03512962962962968
2 0.303046875 0.4658611111111111 0.02236979166666669 0.03652777777777782
0 0.35358854166666664 0.4953888888888889 0.024942708333333386 0.04898148148148156
3 0.29126562500000003 0.28269444444444447 0.020692708333333344 0.03725925925925927
4 0.43178125 0.3237037037037037 0.026661458333333363 0.04149074074074069
0 0.42835937500000004 0.3656111111111111 0.0234739583333333 0.042379629629629614
0 0.48203125 0.45945370370370364 0.025630208333333352 0.03792592592592596
3 0.39217708333333334 0.40741666666666665 0.02638020833333338 0.037027777777777784
5 0.4148645833333333 0.5928796296296296 0.018276041666666624 0.039777777777777815
5 0.5402395833333333 0.3925740740740741 0.01971354166666662 0.03611111111111111
0 0.37173958333333335 0.45852777777777776 0.028265624999999992 0.04013888888888891
2 0.5081822916666667 0.4846481481481481 0.02344270833333333 0.038824074074074136
5 0.40741666666666665 0.4470925925925926 0.024156250000000056 0.035583333333333286
0 0.435734375 0.2856111111111111 0.026255208333333377 0.03593518518518524
4 0.47165625 0.34749074074074077 0.021885416666666657 0.037583333333333364
4 0.3264375 0.39925925925925926 0.01882291666666672 0.039518518518518474
4 0.40463020833333335 0.35364814814814816 0.023239583333333275 0.035583333333333286
4 0.31058854166666666 0.5059722222222223 0.02538541666666667 0.030787037037037036
3 0.3301614583333333 0.45720370370370367 0.025098958333333362 0.05152777777777786
2 0.513515625 0.552787037037037 0.02461458333333333 0.039370370370370354
2 0.5543854166666667 0.6710185185185186 0.02186979166666655 0.035805555555555625
2 0.3657291666666667 0.6374166666666666 0.02344791666666666 0.047981481481481424
0 0.5484218750000001 0.5363148148148148 0.02716145833333338 0.03789814814814821
4 0.30673437499999995 0.41497222222222224 0.020833333333333332 0.05398148148148144
5 0.4399895833333333 0.6671018518518519 0.029791666666666692 0.0360000000000001
2 0.4356302083333333 0.5836296296296297 0.024666666666666615 0.038824074074074136
0 0.5266822916666667 0.4412685185185185 0.02080729166666657 0.04268518518518521
0 0.4189114583333333 0.4142037037037037 0.023932291666666692 0.04339814814814815
0 0.5164479166666667 0.3988611111111111 0.020885416666666618 0.042898148148148185
0 0.345484375 0.6086944444444444 0.025406249999999984 0.03629629629629634
2 0.45669270833333336 0.42889814814814814 0.02602083333333335 0.041666666666666664
5 0.3659739583333333 0.5820925925925926 0.023609374999999964 0.041351851851851924
3 0.3122447916666667 0.29686111111111113 0.02053125000000004 0.031138888888888886
4 0.3789270833333333 0.5024629629629629 0.024588541666666686 0.043731481481481496
0 0.3324270833333333 0.5294351851851852 0.01954166666666666 0.037425925925925994
1 0.4421041666666667 0.4043611111111111 0.020197916666666652 0.04272222222222221
4 0.459046875 0.5837314814814815 0.0183229166666667 0.04089814814814822
5 0.49540104166666665 0.34825 0.0230104166666667 0.02956481481481477
3 0.4032864583333333 0.6537222222222222 0.024567708333333372 0.04643518518518527
2 0.463 0.27558333333333335 0.02681250000000001 0.03915740740740738
0 0.5473177083333333 0.48262037037037037 0.023385416666666714 0.04011111111111105
4 0.4501822916666667 0.4720648148148148 0.024552083333333384 0.03875925925925927
5 0.3842135416666667 0.5514259259259259 0.020468749999999977 0.032787037037037114
2 0.407234375 0.31611111111111106 0.020828125000000006 0.033361111111111084
3 0.23713020833333334 0.4208148148148148 0.03144270833333333 0.04764814814814818
5 0.4158541666666667 0.6937777777777777 0.02254687499999998 0.046046296296296314
0 0.5405416666666666 0.6432222222222221 0.02205208333333341 0.037435185185185245
3 0.37986458333333334 0.6778981481481482 0.022359375000000032 0.03966666666666659
3 0.5391822916666666 0.3495092592592593 0.02484895833333335 0.03700000000000003
3 0.509453125 0.27958333333333335 0.02024479166666661 0.035537037037037034
0 0.39134895833333333 0.5861111111111111 0.022817708333333304 0.033787037037037046
2 0.4058541666666667 0.5590648148148147 0.021557291666666718 0.042092592592592626
3 0.5175885416666667 0.35886111111111113 0.020671875000000027 0.03496296296296295
4 0.34036458333333336 0.6438240740740742 0.023479166666666627 0.031175925925925992
2 0.40041666666666664 0.4798611111111111 0.027739583333333328 0.03716666666666676
3 0.431875 0.4519537037037037 0.023369791666666608 0.039407407407407356
3 0.35872916666666665 0.541212962962963 0.028385416666666666 0.03521296296296294
0 0.444765625 0.5123888888888889 0.02219791666666661 0.03721296296296301
3 0.455671875 0.6284722222222222 0.025296874999999965 0.03479629629629623
4 0.5050312499999999 0.4329074074074074 0.021963541666666704 0.04051851851851851
3 0.33915625 0.6786666666666668 0.027083333333333334 0.033675925925925825
2 0.484234375 0.3096481481481482 0.025942708333333304 0.045499999999999985
2 0.45802604166666666 0.3144814814814815 0.026312499999999992 0.037685185185185224
2 0.43058854166666666 0.6324444444444444 0.023312499999999996 0.03954629629629633
0 0.45000520833333335 0.35636111111111113 0.019546874999999984 0.042240740740740745
1 0.44653125 0.5515092592592593 0.0242552083333333 0.036055555555555605
3 0.3440572916666667 0.5684074074074074 0.0191041666666667 0.03993518518518529
3 0.3879895833333334 0.6238333333333334 0.023276041666666695 0.03550925925925918
1 0.46520312500000005 0.38543518518518516 0.024630208333333313 0.03739814814814814
4 0.395078125 0.6997314814814816 0.019515625000000016 0.033750000000000044
1 0.48358333333333337 0.41298148148148145 0.021895833333333316 0.0418888888888889
3 0.42697916666666663 0.4884907407407408 0.022046874999999962 0.02985185185185186
0 0.42542187499999995 0.5359537037037038 0.020510416666666722 0.03851851851851843
1 0.4921197916666667 0.38249074074074074 0.025442708333333286 0.03400000000000002
3 0.29292708333333334 0.3470925925925926 0.024697916666666705 0.035388888888888914
5 0.40695833333333337 0.5181111111111111 0.022187499999999954 0.03568518518518515