5 0.48169791666666667 0.5035185185185185 0.02329687500000001 0.03739814814814824
2 0.45221354166666666 0.22884259259259263 0.024729166666666677 0.03960185185185183
2 0.3805729166666667 0.29068518518518516 0.023036458333333343 0.03723148148148152
5 0.3606458333333334 0.3446388888888889 0.02468229166666672 0.04884259259259259
1 0.40034895833333334 0.2692685185185185 0.019036458333333308 0.038574074074074045
4 0.5249322916666667 0.6731851851851851 0.023276041666666695 0.04087037037037046
2 0.47614062500000004 0.5640185185185185 0.021567708333333376 0.04903703703703707
1 0.3495260416666667 0.43398148148148147 0.02323437499999995 0.03961111111111108
2 0.50809375 0.48458333333333337 0.022739583333333376 0.03878703703703713
0 0.4818489583333333 0.459287037037037 0.025026041666666644 0.0374814814814815
0 0.353453125 0.49550925925925926 0.02497395833333336 0.04912037037037033
5 0.5408645833333333 0.3924259259259259 0.019838541666666744 0.035694444444444404
5 0.47079166666666666 0.26199074074074075 0.02290625000000001 0.033120370370370356
2 0.4807552083333333 0.29491666666666666 0.024447916666666694 0.045518518518518486
0 0.4963385416666667 0.5277962962962963 0.0203125 0.035388888888888914
2 0.3029322916666667 0.4656296296296296 0.02222395833333337 0.036685185185185085
4 0.4031875 0.35689814814814813 0.022395833333333334 0.034749999999999975
5 0.4074375 0.4468518518518519 0.02411458333333331 0.035259259259259296
4 0.43082291666666667 0.3266296296296296 0.028645833333333332 0.03686111111111106
0 0.37190104166666665 0.45875 0.02780208333333339 0.04013888888888891
2 0.365296875 0.638175925925926 0.02354166666666669 0.047666666666666684
2 0.444265625 0.26537037037037037 0.025682291666666638 0.03670370370370369
5 0.41440104166666664 0.593037037037037 0.017671875000000035 0.04018518518518527
2 0.5128072916666667 0.5528518518518519 0.02442708333333338 0.03943518518518511
3 0.3302552083333333 0.4569722222222222 0.024833333333333367 0.052074074074074085
3 0.3926614583333333 0.4070648148148148 0.026416666666666682 0.03729629629629627
4 0.31032291666666667 0.5060370370370371 0.025223958333333366 0.030833333333333292
0 0.4194791666666667 0.41374074074074074 0.023671875000000023 0.044509259259259304
0 0.42720833333333336 0.3701203703703704 0.023567708333333333 0.04317592592592592
4 0.3269739583333333 0.39891666666666664 0.01911458333333336 0.03925925925925924
2 0.5541822916666667 0.671138888888889 0.022083333333333382 0.0360000000000001
0 0.4219583333333333 0.2874259259259259 0.024807291666666724 0.03725000000000002
5 0.5077760416666667 0.32430555555555557 0.02244270833333329 0.037740740740740734
0 0.33193750000000005 0.52925 0.01952604166666667 0.03738888888888899
0 0.5170416666666667 0.3986944444444444 0.020213541666666637 0.04437962962962958
4 0.37871354166666665 0.5028425925925927 0.02450520833333331 0.04339814814814805
0 0.548171875 0.5363888888888888 0.02702083333333339 0.038018518518518465
4 0.3070104166666667 0.41497222222222224 0.020755208333333285 0.05407407407407405
5 0.4396302083333333 0.6670925925925927 0.029447916666666647 0.036046296296296354
4 0.4705729166666667 0.3479351851851852 0.023802083333333356 0.034999999999999955
0 0.344859375 0.6088055555555556 0.02481770833333338 0.03534259259259266
5 0.3654895833333333 0.5822037037037037 0.023807291666666685 0.04099074074074072
1 0.4422552083333333 0.4054351851851852 0.020026041666666692 0.042222222222222244
2 0.43516666666666665 0.5836574074074075 0.024609375 0.03817592592592594
3 0.295234375 0.284787037037037 0.016911458333333348 0.0404259259259259
2 0.4571614583333333 0.42918518518518517 0.02560937500000004 0.0411666666666667
3 0.40315625 0.6536666666666667 0.0245729166666667 0.0459537037037038
0 0.39078124999999997 0.5858981481481481 0.022614583333333372 0.03301851851851859
4 0.4585989583333333 0.5837685185185185 0.01803645833333339 0.04132407407407417
3 0.3012447916666667 0.5922777777777778 0.02476041666666665 0.04820370370370365
0 0.5269479166666666 0.44130555555555556 0.020755208333333285 0.042407407407407366
0 0.5471979166666666 0.4824444444444444 0.02322916666666662 0.03984259259259257
3 0.5403958333333333 0.34761111111111115 0.022354166666666706 0.03947222222222222
4 0.45017708333333334 0.4718703703703704 0.02465104166666663 0.03789814814814821
4 0.50509375 0.43262962962962964 0.022635416666666686 0.04124999999999996
2 0.43004687500000005 0.6323611111111112 0.023239583333333275 0.039703703703703803
3 0.29351041666666666 0.347 0.024796874999999947 0.03593518518518513
3 0.5259270833333333 0.29350000000000004 0.01942187499999998 0.03602777777777775
5 0.4157708333333333 0.6937962962962962 0.022531249999999996 0.04599074074074081
0 0.4485364583333334 0.3563703703703704 0.0195677083333333 0.044027777777777735
3 0.37947395833333336 0.6780925925925926 0.021812500000000058 0.039712962962963054
3 0.3140364583333334 0.2936944444444444 0.018302083333333385 0.03193518518518519
2 0.4002708333333333 0.4797592592592593 0.027635416666666638 0.03788888888888896
3 0.5175572916666666 0.3583518518518518 0.023526041666666705 0.03148148148148148
0 0.539921875 0.6432129629629629 0.021505208333333314 0.03763888888888897
2 0.4055104166666667 0.5590092592592593 0.021572916666666705 0.04175925925925918
5 0.383953125 0.5514444444444444 0.020093749999999962 0.03416666666666675
4 0.33982812500000004 0.6440462962962964 0.02361979166666662 0.0316111111111112
3 0.2776875 0.2829907407407407 0.017453124999999996 0.037018518518518534
5 0.4941302083333333 0.35418518518518516 0.022890625000000022 0.028833333333333322
3 0.4552395833333333 0.6283703703703704 0.025307291666666624 0.034749999999999975
1 0.48261458333333335 0.42062962962962963 0.021354166666666667 0.0374814814814815
0 0.44450520833333335 0.5123055555555556 0.022031249999999978 0.03749074074074075
3 0.43190625 0.45172222222222225 0.023375000000000055 0.040046296296296295
3 0.3583072916666667 0.5412037037037037 0.02776562499999997 0.035055555555555465
3 0.33890625 0.678611111111111 0.027192708333333353 0.03355555555555556
3 0.3435520833333333 0.5684259259259259 0.019234375000000033 0.039685185185185094
5 0.40602604166666667 0.5174444444444445 0.021677083333333277 0.03633333333333334
3 0.3875677083333333 0.6234259259259259 0.023041666666666672 0.036666666666666584
4 0.3949166666666667 0.6998425925925926 0.019223958333333378 0.03389814814814805
1 0.44620312500000003 0.5515092592592593 0.0238645833333333 0.03537037037037041
2 0.40584895833333334 0.3190925925925926 0.019911458333333344 0.0349166666666667
0 0.425 0.5362592592592592 0.02083854166666666 0.03886111111111114
3 0.4267864583333333 0.4879907407407407 0.02169791666666671 0.029009259259259193
1 0.4921302083333333 0.3916574074074074 0.02548958333333336 0.03852777777777779
2 0.4570677083333334 0.313462962962963 0.023604166666666634 0.04067592592592588
1 0.46547916666666667 0.3839074074074074 0.025473958333333376 0.037055555555555536