5 0.48161458333333335 0.503712962962963 0.023286458333333353 0.037425925925925994
2 0.3801770833333334 0.2908981481481482 0.022666666666666658 0.03714814814814815
2 0.45236979166666663 0.22983333333333333 0.024234374999999985 0.039972222222222235
5 0.406125 0.5177962962962963 0.02254687499999998 0.03547222222222217
1 0.39972395833333335 0.2674722222222222 0.018932291666666618 0.03875925925925927
2 0.4762395833333333 0.5641759259259259 0.021552083333333392 0.04902777777777782
0 0.3533489583333333 0.4950277777777778 0.025057291666666613 0.049398148148148066
1 0.349203125 0.433962962962963 0.02323437499999995 0.03955555555555558
0 0.4817604166666667 0.4593518518518519 0.025046874999999958 0.03732407407407402
0 0.4963020833333333 0.5278148148148147 0.020406250000000032 0.03524999999999994
5 0.4725364583333333 0.26619444444444446 0.022718749999999944 0.03630555555555559
4 0.5252291666666667 0.6731666666666667 0.023348958333333295 0.040379629629629536
0 0.420265625 0.28814814814814815 0.02265104166666667 0.04137037037037032
5 0.5401510416666666 0.39249074074074075 0.019166666666666762 0.03634259259259259
4 0.42878125 0.3268148148148148 0.027395833333333286 0.038277777777777806
2 0.3028645833333333 0.4657962962962964 0.022328124999999942 0.03589814814814813
5 0.36012500000000003 0.34450000000000003 0.024588541666666686 0.04928703703703705
2 0.5078437499999999 0.48456481481481484 0.022885416666666696 0.03889814814814814
0 0.37161458333333336 0.4587777777777778 0.027687500000000042 0.03997222222222229
3 0.525578125 0.29361111111111116 0.019125000000000014 0.035972222222222246
5 0.5093125 0.3242037037037037 0.022463541666666722 0.03685185185185181
2 0.3655208333333333 0.6379814814814815 0.023567708333333333 0.04763888888888893
2 0.512953125 0.5528888888888889 0.024296875000000048 0.03950000000000008
3 0.39228645833333337 0.4074259259259259 0.026369791666666722 0.03733333333333338
5 0.43964583333333335 0.6667685185185185 0.02940104166666669 0.036064814814814855
0 0.5266041666666668 0.4413796296296296 0.020864583333333304 0.0419074074074074
0 0.5481197916666667 0.53625 0.027041666666666703 0.03761111111111101
4 0.469328125 0.3518796296296296 0.024729166666666677 0.03324999999999997
2 0.5543125 0.6711203703703703 0.02162499999999999 0.03616666666666662
0 0.33190625 0.5293333333333333 0.019223958333333378 0.037425925925925994
0 0.41886979166666666 0.4139629629629629 0.023729166666666638 0.04433333333333333
4 0.4038020833333333 0.3535 0.02268749999999997 0.03547222222222217
2 0.449921875 0.27140740740740743 0.02364583333333338 0.04310185185185181
3 0.3299166666666667 0.4571481481481482 0.024833333333333367 0.052037037037037076
3 0.4032604166666667 0.6535 0.024463541666666682 0.045712962962962865
4 0.30673958333333334 0.4146296296296296 0.02083854166666666 0.05360185185185184
0 0.39092187500000003 0.586 0.02276562500000002 0.033120370370370356
0 0.4264427083333333 0.3710462962962963 0.022250000000000013 0.045379629629629624
0 0.44702604166666665 0.3571018518518519 0.018630208333333325 0.04572222222222222
4 0.3100520833333333 0.5062685185185185 0.025369791666666686 0.03115740740740749
3 0.29507812499999997 0.28503703703703703 0.01682812499999997 0.0408055555555556
4 0.3266666666666667 0.3988703703703703 0.019010416666666665 0.0393055555555556
2 0.43507812500000004 0.5837314814814815 0.024359374999999992 0.0386018518518519
0 0.345109375 0.6088981481481481 0.02475520833333332 0.03524074074074069
2 0.45615625000000004 0.31474074074074077 0.02538541666666667 0.038981481481481506
4 0.458640625 0.5836481481481481 0.017947916666666685 0.04145370370370369
5 0.49415624999999996 0.35379629629629633 0.02332812499999998 0.0290462962962963
0 0.5169635416666667 0.3992685185185185 0.02060416666666664 0.04430555555555558
4 0.378671875 0.5023333333333333 0.024765624999999975 0.04374074074074075
5 0.365546875 0.582324074074074 0.023822916666666673 0.04136111111111118
0 0.5470781250000001 0.48247222222222225 0.02297916666666661 0.03986111111111107
3 0.3018489583333333 0.5921666666666666 0.025359375000000028 0.04894444444444435
3 0.5401614583333333 0.3478888888888889 0.021838541666666583 0.03959259259259258
2 0.45688020833333337 0.42941666666666667 0.02592708333333332 0.04134259259259257
3 0.29322916666666665 0.3472314814814815 0.02474999999999999 0.03577777777777776
5 0.4072395833333333 0.44722222222222224 0.024244791666666644 0.034601851851851856
5 0.414328125 0.5928888888888889 0.017979166666666657 0.040361111111111035
3 0.380015625 0.6778425925925926 0.02211979166666668 0.03985185185185182
3 0.277421875 0.28325925925925927 0.01743229166666668 0.03725000000000002
1 0.4414635416666667 0.4058148148148148 0.020671875000000027 0.04122222222222221
5 0.4158489583333333 0.6935555555555555 0.022171874999999966 0.046351851851851804
2 0.4302395833333333 0.6325185185185185 0.023265625000000036 0.03989814814814807
0 0.5402447916666666 0.6430092592592593 0.021640625000000094 0.0371388888888888
3 0.5177239583333333 0.35960185185185184 0.023109374999999942 0.031722222222222214
3 0.314046875 0.2941851851851852 0.01771874999999999 0.032462962962962916
5 0.38378645833333336 0.5514814814814815 0.02023958333333328 0.034074074074074034
2 0.39994270833333334 0.47989814814814813 0.027578125000000023 0.03752777777777775
4 0.44998958333333333 0.4716851851851852 0.02464062499999997 0.03642592592592596
0 0.444515625 0.5126018518518519 0.021567708333333376 0.03837962962962967
3 0.45544270833333333 0.6285092592592593 0.025463541666666718 0.034453703703703736
2 0.40555729166666665 0.5591666666666667 0.021458333333333357 0.04243518518518512
3 0.3584322916666667 0.5410370370370371 0.028010416666666652 0.034999999999999955
1 0.4824010416666667 0.42000000000000004 0.02192187499999996 0.03958333333333333
4 0.33997916666666667 0.6439537037037038 0.023697916666666666 0.031324074074074004
3 0.43162500000000004 0.451712962962963 0.02390625000000005 0.04024074074074077
3 0.3391822916666667 0.678787037037037 0.02723437499999998 0.03297222222222213
4 0.5050572916666667 0.43303703703703705 0.022354166666666706 0.041009259259259224
2 0.4845729166666667 0.3198796296296297 0.025651041666666666 0.03947222222222222
1 0.4461354166666667 0.5516944444444445 0.023468749999999972 0.036037037037037103
3 0.38779166666666665 0.623537037037037 0.023276041666666695 0.03658333333333332
4 0.395234375 0.6996666666666667 0.019338541666666723 0.03384259259259255
3 0.42686979166666666 0.4879907407407407 0.022822916666666634 0.02962962962962963
1 0.4922083333333333 0.3910740740740741 0.025411458333333314 0.037768518518518486
2 0.40552083333333333 0.3157685185185185 0.0210572916666667 0.0352777777777778
3 0.34353125 0.5685277777777777 0.01868229166666661 0.03963888888888884
0 0.42409375 0.5360277777777778 0.022854166666666724 0.04007407407407405
1 0.46416666666666667 0.3876851851851852 0.027864583333333335 0.03617592592592597