2 0.4482760416666667 0.22912037037037036 0.024484374999999996 0.04163888888888891
5 0.4814947916666667 0.5035925925925926 0.023244791666666723 0.03730555555555552
5 0.40597916666666667 0.5176296296296296 0.022348958333333377 0.035787037037037124
2 0.476328125 0.5641759259259259 0.021604166666666678 0.049324074074074055
2 0.380171875 0.29078703703703707 0.022776041666666677 0.037583333333333364
4 0.42920833333333336 0.32713888888888887 0.027833333333333363 0.03737037037037038
4 0.525390625 0.6733888888888889 0.023083333333333417 0.040351851851851785
1 0.39971354166666667 0.26725925925925925 0.01882291666666672 0.039249999999999986
2 0.3025729166666667 0.4658425925925926 0.022093750000000037 0.036138888888888866
5 0.4145989583333333 0.5932777777777778 0.01786458333333331 0.0400833333333333
0 0.49634375000000003 0.5277685185185186 0.020437500000000004 0.03566666666666665
0 0.35316145833333334 0.49544444444444447 0.025161458333333307 0.0492407407407408
2 0.5077135416666666 0.4844907407407407 0.022848958333333277 0.038999999999999896
2 0.4564375 0.31616666666666665 0.02585937500000005 0.038425925925925926
0 0.481875 0.46114814814814814 0.0250364583333333 0.03766666666666662
1 0.34895312500000003 0.43392592592592594 0.0234010416666667 0.03941666666666671
0 0.420515625 0.28805555555555556 0.0226197916666667 0.04130555555555557
5 0.359953125 0.3444537037037037 0.024312500000000032 0.049203703703703694
4 0.4035572916666667 0.3534537037037037 0.022994791666666715 0.03537037037037041
0 0.37151562499999996 0.45840740740740743 0.027895833333333304 0.03986111111111107
0 0.516671875 0.39938888888888885 0.020557291666666682 0.04375925925925925
5 0.44004166666666666 0.6671944444444445 0.02918229166666665 0.03615740740740737
2 0.365765625 0.6380740740740741 0.023697916666666666 0.04795370370370367
4 0.3099635416666667 0.5062777777777777 0.025307291666666624 0.03114814814814824
4 0.32625 0.3986296296296296 0.01889062499999999 0.039083333333333366
5 0.5399322916666667 0.39221296296296293 0.019130208333333343 0.03627777777777773
2 0.5129010416666666 0.5528425925925926 0.0242552083333333 0.03976851851851856
0 0.5481145833333334 0.5362685185185185 0.026989583333333417 0.03814814814814819
5 0.509 0.3260092592592592 0.023052083333333327 0.037842592592592594
3 0.3921145833333333 0.40700000000000003 0.026500000000000058 0.03700000000000003
0 0.41865625 0.4139629629629629 0.023666666666666693 0.044287037037037076
0 0.3451197916666667 0.6091481481481481 0.024666666666666615 0.03537037037037041
0 0.331984375 0.529462962962963 0.01910937500000003 0.03726851851851852
2 0.5544166666666667 0.6712314814814815 0.02169791666666659 0.035777777777777874
5 0.40692708333333333 0.447212962962963 0.023953125000000006 0.03510185185185182
2 0.43530729166666665 0.5836203703703703 0.024515624999999968 0.038990740740740645
4 0.3785208333333333 0.5026388888888889 0.024703125000000034 0.04332407407407404
4 0.30649479166666665 0.41484259259259254 0.020869791666666634 0.05399074074074069
2 0.4565364583333333 0.4297222222222222 0.025776041666666673 0.0411481481481482
0 0.5261979166666666 0.44094444444444447 0.020963541666666665 0.04262037037037034
3 0.3297708333333333 0.4571388888888889 0.02492187499999995 0.05173148148148148
4 0.44982812499999997 0.47172222222222226 0.024567708333333372 0.038435185185185176
0 0.42611458333333335 0.3704074074074074 0.02202604166666665 0.04504629629629627
3 0.5256458333333334 0.29365740740740737 0.019104166666666582 0.036138888888888866
5 0.36556770833333335 0.582324074074074 0.02332812499999998 0.041305555555555463
4 0.45872395833333335 0.5840185185185185 0.018192708333333366 0.04117592592592595
3 0.29302083333333334 0.34708333333333335 0.024567708333333372 0.03548148148148153
3 0.53996875 0.34764814814814815 0.021880208333333446 0.03931481481481485
2 0.48426041666666664 0.32283333333333336 0.025359375000000028 0.0408055555555556
1 0.44110937499999997 0.40535185185185185 0.02041145833333336 0.04135185185185182
0 0.546875 0.48236111111111113 0.022916666666666665 0.04026851851851853
3 0.403359375 0.6533611111111111 0.024369791666666647 0.045750000000000075
0 0.4467135416666667 0.35694444444444445 0.01885937500000002 0.0463333333333333
2 0.43049479166666665 0.6326203703703703 0.02323437499999995 0.03943518518518511
4 0.46908333333333335 0.3545833333333333 0.02507291666666672 0.03287037037037037
2 0.40546875 0.315712962962963 0.021098958333333327 0.03518518518518519
4 0.5045625 0.43230555555555555 0.022890625000000022 0.041814814814814784
0 0.5404427083333334 0.6432777777777778 0.022067708333333276 0.037370370370370276
0 0.39106250000000004 0.5861203703703703 0.02268749999999997 0.033425925925925845
3 0.3019322916666667 0.5925462962962963 0.02492187499999995 0.04886111111111109
5 0.41606770833333334 0.693962962962963 0.02236979166666669 0.046074074074074066
3 0.29512499999999997 0.2851018518518519 0.016562499999999977 0.039777777777777815
2 0.3998541666666667 0.4797962962962963 0.02766666666666661 0.03754629629629625
3 0.3138333333333333 0.2938981481481482 0.017880208333333297 0.03148148148148148
3 0.27745833333333336 0.2833425925925926 0.017447916666666667 0.03731481481481477
4 0.34018229166666664 0.6438611111111111 0.023265625000000036 0.03156481481481474
2 0.4056197916666667 0.5591944444444444 0.021567708333333376 0.04251851851851859
0 0.4443229166666667 0.5121759259259259 0.021859375000000014 0.037731481481481484
3 0.38005208333333335 0.6781203703703704 0.02213020833333334 0.03935185185185185
3 0.43140104166666665 0.45129629629629625 0.023635416666666725 0.04037962962962964
3 0.5179479166666667 0.36066666666666664 0.02289583333333335 0.030925925925925905
3 0.45555729166666664 0.6286111111111111 0.02524479166666668 0.03458333333333325
0 0.42470312499999996 0.5357685185185185 0.020749999999999956 0.03859259259259265
5 0.38397395833333337 0.5514351851851852 0.020046875000000006 0.034027777777777775
3 0.358359375 0.5412037037037037 0.027953125000000037 0.0348981481481482
3 0.33936458333333336 0.6789444444444445 0.0269895833333333 0.033481481481481556
1 0.48118229166666665 0.42117592592592595 0.021812500000000058 0.03867592592592591
3 0.3878229166666667 0.6237037037037038 0.0230833333333333 0.036083333333333356
4 0.3953125 0.7000833333333334 0.019057291666666625 0.033472222222222306
5 0.4940729166666667 0.3565648148148148 0.023453124999999984 0.029749999999999995
1 0.4461354166666667 0.5518518518518518 0.024088541666666668 0.036685185185185085
3 0.343671875 0.5683796296296296 0.0187864583333333 0.04030555555555553
1 0.4919427083333333 0.3924814814814815 0.0253541666666667 0.0375555555555555
1 0.46454166666666663 0.39070370370370366 0.02606249999999998 0.03631481481481484
3 0.42720833333333336 0.48868518518518517 0.02254166666666665 0.0294259259259259