2 0.3799739583333333 0.2908148148148148 0.023057291666666656 0.037212962962962906
5 0.4815364583333333 0.5037962962962963 0.023286458333333353 0.03714814814814805
2 0.47647395833333334 0.564287037037037 0.021812500000000058 0.04923148148148155
1 0.3995052083333333 0.2676851851851852 0.019166666666666644 0.03956481481481483
4 0.525625 0.6732685185185185 0.02321874999999996 0.04060185185185177
0 0.35322395833333337 0.495537037037037 0.025005208333333327 0.048657407407407365
4 0.4284322916666667 0.32725 0.027901041666666633 0.03807407407407408
0 0.49643229166666664 0.5279814814814815 0.02041666666666669 0.034999999999999955
1 0.3486458333333333 0.4342037037037037 0.02354166666666669 0.03927777777777774
2 0.3025 0.46614814814814814 0.021968750000000033 0.036509259259259214
2 0.456078125 0.3159814814814815 0.02613020833333337 0.03905555555555551
0 0.4818020833333333 0.46072222222222226 0.025015624999999986 0.03777777777777774
0 0.37139583333333337 0.4588796296296296 0.028046874999999954 0.04012962962962966
2 0.5077083333333333 0.4846666666666667 0.022786458333333332 0.03892592592592589
0 0.42030208333333335 0.2881388888888889 0.022817708333333304 0.041398148148148184
3 0.39180729166666667 0.4071018518518519 0.026541666666666686 0.03706481481481479
3 0.5253958333333333 0.29394444444444445 0.01925520833333323 0.03644444444444446
5 0.4403125 0.6671759259259259 0.029369791666666718 0.03615740740740737
5 0.5398854166666667 0.392537037037037 0.019328125000000067 0.03666666666666669
0 0.33204687499999996 0.5293425925925926 0.01899479166666668 0.03691666666666656
5 0.4068125 0.44708333333333333 0.024338541666666675 0.03477777777777773
2 0.3659166666666666 0.638 0.023661458333333368 0.048064814814814893
4 0.40331770833333336 0.3538055555555556 0.02272395833333339 0.03550000000000003
0 0.5262291666666667 0.4411481481481481 0.02102604166666661 0.04279629629629632
5 0.3595520833333333 0.34480555555555553 0.024489583333333325 0.04957407407407404
0 0.4185989583333333 0.41407407407407404 0.023921875000000033 0.04475000000000004
2 0.5130833333333333 0.5529444444444443 0.024473958333333337 0.03960185185185183
0 0.516515625 0.39992592592592596 0.020828125000000006 0.0433888888888889
0 0.5481770833333334 0.5364444444444445 0.02688541666666661 0.037990740740740714
3 0.32975 0.4570648148148148 0.02474479166666666 0.052351851851851816
2 0.5545885416666666 0.6714166666666667 0.02194270833333339 0.0360185185185186
3 0.30208854166666665 0.5926481481481481 0.025125000000000005 0.048990740740740814
5 0.414765625 0.5930648148148148 0.017953125000000014 0.039750000000000056
4 0.32619791666666664 0.3991851851851852 0.018916666666666634 0.0393055555555556
4 0.3100833333333333 0.506287037037037 0.025421874999999972 0.031111111111111027
2 0.45634375 0.4303148148148148 0.025229166666666695 0.04178703703703703
3 0.5397135416666666 0.34785185185185186 0.02183333333333337 0.04029629629629628
4 0.30640104166666665 0.41553703703703704 0.02085416666666665 0.05524074074074071
2 0.4840885416666667 0.3231759259259259 0.02528124999999998 0.04117592592592595
0 0.4257239583333333 0.37072222222222223 0.02205729166666662 0.04446296296296295
5 0.508703125 0.32596296296296295 0.023057291666666656 0.0381851851851852
3 0.29288020833333334 0.3471759259259259 0.024520833333333294 0.03523148148148144
4 0.46875 0.35480555555555554 0.025239583333333353 0.03278703703703701
0 0.34547916666666667 0.6092592592592593 0.024906249999999967 0.03555555555555564
3 0.40341666666666665 0.6534074074074073 0.024447916666666694 0.045675925925925856
3 0.2947447916666667 0.28517592592592594 0.016927083333333332 0.03991666666666668
4 0.37863020833333333 0.5029166666666667 0.02481770833333338 0.04384259259259251
0 0.44634375 0.3569907407407408 0.019229166666666703 0.04803703703703703
2 0.43547395833333336 0.5836111111111111 0.02468229166666672 0.03857407407407415
5 0.3657291666666667 0.5824537037037036 0.02354166666666669 0.04162962962962966
0 0.39110416666666664 0.5862222222222222 0.022932291666666653 0.033750000000000044
4 0.45882812500000003 0.5839814814814815 0.018067708333333363 0.04127777777777771
4 0.504421875 0.43292592592592594 0.02244791666666662 0.04174074074074078
0 0.5468958333333334 0.48257407407407404 0.022901041666666563 0.03991666666666657
5 0.38410937500000003 0.551712962962963 0.020125000000000053 0.03372222222222229
0 0.540921875 0.6434166666666666 0.02216145833333343 0.03724074074074077
2 0.43065625 0.6325462962962963 0.02333854166666664 0.039750000000000056
3 0.38029166666666664 0.6782407407407407 0.0219114583333333 0.03929629629629635
4 0.4495260416666667 0.47188888888888886 0.025026041666666644 0.037740740740740734
5 0.41609375 0.693787037037037 0.022281249999999985 0.04599074074074081
1 0.4408125 0.405712962962963 0.02059895833333331 0.04196296296296301
3 0.3135 0.2942222222222222 0.018093750000000006 0.032305555555555546
3 0.4313177083333333 0.45155555555555554 0.02378645833333337 0.03960185185185183
3 0.4556979166666667 0.6285925925925926 0.025557291666666634 0.03464814814814821
0 0.44440104166666666 0.5123888888888889 0.021817708333333387 0.03796296296296296
4 0.34052083333333333 0.6441481481481481 0.023348958333333295 0.03152777777777774
2 0.4057552083333333 0.5595370370370369 0.021609375000000004 0.0418703703703704
2 0.3999166666666667 0.47968518518518516 0.027796874999999943 0.03815740740740744
3 0.517515625 0.36094444444444446 0.023348958333333295 0.031148148148148137
3 0.27711458333333333 0.28335185185185185 0.017072916666666653 0.03732407407407402
3 0.33946354166666665 0.6787222222222222 0.026932291666666684 0.033046296296296344
3 0.35852083333333334 0.54125 0.028062500000000056 0.03536111111111116
1 0.4809635416666667 0.4211574074074074 0.021718750000000023 0.038546296296296294
3 0.34380208333333334 0.5683888888888889 0.018864583333333348 0.04019444444444452
1 0.44629166666666664 0.5512962962962963 0.023942708333333347 0.03524999999999994
1 0.4645364583333333 0.3910648148148148 0.025114583333333346 0.03520370370370369
2 0.40525520833333334 0.31627777777777777 0.021078125000000014 0.03467592592592597
5 0.4936875 0.3567222222222222 0.023343749999999965 0.02963888888888888
4 0.3955625 0.6999259259259258 0.019015624999999994 0.034009259259259274
3 0.38809375 0.6235925925925926 0.023182291666666664 0.03640740740740735
1 0.491921875 0.39384259259259263 0.02524479166666668 0.039361111111111104
5 0.406359375 0.5182222222222221 0.022786458333333332 0.03593518518518513
3 0.426296875 0.48864814814814816 0.02408333333333334 0.029972222222222122
0 0.42418750000000005 0.5376203703703704 0.021072916666666684 0.04013888888888881