5 0.40586979166666665 0.5175833333333334 0.02190624999999997 0.036046296296296354
4 0.42944791666666665 0.32525925925925925 0.025578124999999948 0.040787037037037
5 0.4815260416666666 0.503962962962963 0.02321874999999996 0.036722222222222295
2 0.4059635416666667 0.3243611111111111 0.020322916666666656 0.036879629629629665
2 0.47625 0.5642777777777778 0.02158333333333336 0.04902777777777782
0 0.4591614583333333 0.25715740740740745 0.02205729166666662 0.047111111111111104
0 0.3531927083333333 0.4956111111111111 0.024828125000000038 0.04950925925925929
2 0.3027135416666667 0.46597222222222223 0.022354166666666706 0.03618518518518512
0 0.49634375000000003 0.527787037037037 0.020479166666666635 0.03593518518518513
4 0.5253125 0.6735648148148149 0.023130208333333378 0.040768518518518496
2 0.507625 0.48465740740740737 0.02318749999999999 0.03915740740740738
5 0.35983333333333334 0.34431481481481485 0.02451041666666664 0.04984259259259263
0 0.48184375 0.46087962962962964 0.024796874999999947 0.037990740740740714
5 0.4145729166666667 0.5933518518518519 0.017921875000000042 0.03963888888888884
0 0.5167395833333334 0.39973148148148147 0.02073437499999997 0.044018518518518485
1 0.34897395833333333 0.4341111111111111 0.023135416666666703 0.03918518518518523
0 0.3715885416666667 0.4590092592592593 0.028260416666666663 0.040453703703703756
2 0.365578125 0.6386296296296297 0.023453124999999984 0.047351851851851944
2 0.5130989583333333 0.5530092592592593 0.023947916666666676 0.039620370370370334
5 0.5398958333333332 0.3924259259259259 0.019124999999999896 0.03646296296296296
5 0.4398385416666667 0.6671481481481482 0.02908854166666662 0.03642592592592585
2 0.554390625 0.6715277777777777 0.02158333333333336 0.03587962962962963
3 0.32957291666666666 0.4571296296296296 0.0245729166666667 0.05169444444444448
0 0.5481458333333333 0.5364814814814814 0.02706770833333323 0.038111111111111186
5 0.5089583333333334 0.3259166666666667 0.023046875 0.03798148148148146
4 0.326296875 0.3988425925925926 0.019036458333333308 0.039083333333333366
3 0.3925885416666667 0.4080462962962963 0.025552083333333305 0.03993518518518518
2 0.45659374999999996 0.4301203703703703 0.02567187499999998 0.040851851851851854
0 0.331796875 0.5296481481481481 0.019031249999999982 0.03731481481481477
2 0.48422395833333337 0.3227777777777778 0.025375000000000016 0.04056481481481476
0 0.5263489583333333 0.4412222222222222 0.02091145833333338 0.04197222222222226
3 0.40325520833333334 0.6539259259259259 0.024703125000000034 0.04610185185185182
2 0.4350104166666667 0.5837685185185185 0.02440104166666662 0.0386203703703704
4 0.30650520833333333 0.4155277777777778 0.020656250000000043 0.054370370370370395
4 0.37863020833333333 0.5025555555555555 0.024385416666666635 0.04387962962962972
3 0.5397031250000001 0.3476018518518519 0.021489583333333447 0.039907407407407426
3 0.52553125 0.2934537037037037 0.019328125000000067 0.036037037037037
0 0.3451510416666667 0.6093425925925926 0.02507812500000005 0.036731481481481545
3 0.301828125 0.5925833333333334 0.025197916666666723 0.04871296296296287
4 0.3099947916666667 0.506287037037037 0.025296874999999965 0.031120370370370277
5 0.3656979166666667 0.5824259259259259 0.023734374999999967 0.04150925925925919
0 0.418546875 0.4130740740740741 0.024036458333333382 0.046314814814814795
3 0.2950260416666667 0.2850740740740741 0.016776041666666686 0.04000925925925929
0 0.42638541666666663 0.3705277777777778 0.02301562500000003 0.04396296296296298
5 0.4068645833333333 0.4471851851851852 0.02431770833333336 0.03447222222222224
5 0.41588020833333333 0.6938611111111112 0.02219270833333328 0.04611111111111107
3 0.37992708333333336 0.6781944444444444 0.021994791666666676 0.04015740740740731
4 0.40351041666666665 0.372962962962963 0.022880208333333367 0.034444444444444486
0 0.3911614583333333 0.586462962962963 0.022994791666666715 0.033351851851851834
0 0.44678125 0.35737037037037034 0.018833333333333376 0.04543518518518523
4 0.458796875 0.5838518518518518 0.017843749999999995 0.04153703703703694
0 0.546828125 0.48247222222222225 0.02312500000000005 0.040046296296296295
4 0.46908333333333335 0.3547962962962963 0.02524479166666668 0.033759259259259294
3 0.2774010416666667 0.2833333333333333 0.017520833333333385 0.03735185185185188
1 0.441078125 0.40585185185185185 0.020020833333333363 0.04244444444444447
0 0.540484375 0.6433981481481481 0.021901041666666763 0.03696296296296303
4 0.5046302083333333 0.4328148148148148 0.022208333333333385 0.04121296296296295
2 0.39980208333333334 0.479925925925926 0.027578125000000023 0.037990740740740714
3 0.31366666666666665 0.293962962962963 0.017854166666666654 0.032120370370370424
3 0.358390625 0.5413240740740741 0.027921874999999947 0.03479629629629623
3 0.5177916666666667 0.3607222222222222 0.022838541666666618 0.030675925925925922
3 0.45541666666666664 0.6287962962962963 0.025151041666666648 0.03469444444444447
2 0.4054895833333333 0.5598055555555556 0.02148958333333333 0.04223148148148139
3 0.43140625 0.45146296296296295 0.023453124999999984 0.03985185185185182
5 0.38364583333333335 0.5515185185185185 0.020052083333333335 0.034037037037037025
0 0.4444270833333333 0.5123425925925926 0.021536458333333286 0.037444444444444495
3 0.33911458333333333 0.6789259259259259 0.027067708333333346 0.03288888888888887
4 0.4498020833333333 0.47173148148148153 0.024244791666666644 0.03675000000000005
3 0.293109375 0.34712037037037036 0.024890624999999982 0.03575000000000001
5 0.49403125 0.3566759259259259 0.02321874999999996 0.029537037037037014
1 0.445890625 0.5517777777777777 0.02397916666666665 0.036370370370370345
1 0.4812916666666667 0.42117592592592595 0.021984375000000018 0.03912037037037037
3 0.34352083333333333 0.5686666666666667 0.018984375000000022 0.03950925925925933
1 0.49207291666666664 0.39287037037037037 0.025468750000000047 0.03724074074074077
4 0.3950625 0.7000185185185185 0.019468750000000055 0.03362037037037032
4 0.34022395833333335 0.6443148148148148 0.02311458333333339 0.031351851851851756
2 0.4564791666666667 0.3172777777777778 0.026364583333333278 0.03665740740740744
0 0.42478645833333334 0.5361574074074074 0.020864583333333304 0.0382222222222222
1 0.46468750000000003 0.38943518518518516 0.02606770833333331 0.033861111111111154
3 0.42708854166666665 0.487462962962963 0.024062500000000025 0.032083333333333415
3 0.38874479166666664 0.6247037037037036 0.024562500000000043 0.03386111111111105
2 0.43059895833333334 0.633175925925926 0.023057291666666656 0.0418888888888889