4 0.429546875 0.324537037037037 0.02486458333333334 0.041666666666666664
5 0.5051458333333333 0.32469444444444445 0.025270833333333322 0.03887037037037039
5 0.40613541666666664 0.5178796296296296 0.022281249999999985 0.03564814814814815
2 0.47627083333333337 0.5640833333333334 0.021609375000000004 0.048953703703703604
5 0.48003124999999996 0.5054629629629629 0.024093749999999994 0.03398148148148152
2 0.40617708333333336 0.32439814814814816 0.020562500000000008 0.037592592592592615
4 0.52515625 0.6733148148148148 0.022947916666666637 0.04026851851851853
5 0.4145572916666667 0.5933333333333333 0.017656250000000047 0.04028703703703703
0 0.35321354166666663 0.49520370370370376 0.025317708333333282 0.0488796296296296
2 0.3026979166666666 0.4658055555555555 0.022421874999999977 0.03583333333333338
5 0.35978645833333334 0.3439907407407407 0.02450520833333331 0.04964814814814815
5 0.539640625 0.39255555555555555 0.018848958333333363 0.03537037037037041
5 0.43975000000000003 0.6669444444444445 0.028776041666666665 0.03664814814814808
2 0.5073802083333333 0.4844074074074074 0.023416666666666686 0.03994444444444454
2 0.4559166666666667 0.31669444444444445 0.026677083333333348 0.037194444444444405
1 0.34902083333333334 0.43400925925925926 0.02342708333333334 0.0397037037037037
4 0.465828125 0.36592592592592593 0.02431770833333336 0.03286111111111112
0 0.371578125 0.4588055555555555 0.02811979166666667 0.04028703703703703
5 0.40675 0.4467037037037037 0.02397916666666665 0.03481481481481483
0 0.49591145833333333 0.5281481481481481 0.01964062500000002 0.03760185185185176
2 0.36552604166666663 0.6384074074074074 0.02364583333333338 0.047444444444444456
2 0.5127291666666667 0.553 0.024296875000000048 0.03960185185185183
5 0.3654791666666667 0.5823981481481482 0.02354687500000002 0.04123148148148146
2 0.5540989583333332 0.671324074074074 0.021463541666666686 0.03535185185185191
4 0.4014739583333334 0.3728425925925926 0.02280729166666665 0.03590740740740738
1 0.43999479166666666 0.4065 0.01907291666666661 0.04395370370370373
4 0.37844791666666666 0.5029444444444444 0.024385416666666635 0.04293518518518508
4 0.326203125 0.3985370370370371 0.01909375000000004 0.038546296296296294
3 0.4033489583333333 0.6537962962962963 0.024380208333333306 0.046370370370370305
5 0.41565104166666667 0.6939444444444445 0.0222291666666667 0.04640740740740731
3 0.3297552083333333 0.45737037037037037 0.02481770833333338 0.05103703703703704
0 0.529109375 0.4455648148148148 0.02106770833333336 0.04066666666666663
4 0.306578125 0.41480555555555554 0.020786458333333376 0.054361111111111145
0 0.34504687500000003 0.6093333333333334 0.02468229166666672 0.03686111111111106
2 0.43509375 0.583824074074074 0.02440624999999995 0.03875925925925917
3 0.392390625 0.40861111111111115 0.025432291666666627 0.039249999999999986
0 0.48290104166666664 0.46541666666666665 0.026552083333333344 0.03559259259259264
0 0.41818229166666665 0.41341666666666665 0.02332812499999998 0.04502777777777777
4 0.31009375 0.5066203703703703 0.025161458333333307 0.03026851851851857
0 0.5481979166666666 0.5364074074074074 0.027005208333333287 0.037435185185185245
0 0.5186875 0.4083888888888889 0.02539583333333333 0.03743518518518514
2 0.43028125 0.6328981481481482 0.02333333333333331 0.03997222222222229
3 0.539546875 0.3514259259259259 0.021536458333333286 0.04123148148148146
0 0.444734375 0.356787037037037 0.01921354166666672 0.046074074074074066
3 0.2948541666666667 0.2846388888888889 0.016958333333333304 0.03967592592592595
1 0.48301041666666666 0.42574074074074075 0.02332291666666665 0.03846296296296293
3 0.3798958333333333 0.6783148148148148 0.022078125000000053 0.039740740740740806
4 0.458640625 0.5839537037037037 0.01789062499999995 0.0408425925925925
0 0.39116666666666666 0.5864074074074075 0.02312500000000005 0.03283333333333337
0 0.33191666666666664 0.5294722222222222 0.019401041666666667 0.03724074074074077
3 0.30175520833333336 0.5926851851851852 0.02507291666666672 0.048407407407407385
3 0.29284375 0.34682407407407406 0.024583333333333356 0.03576851851851851
4 0.5062864583333334 0.4406851851851852 0.02332291666666665 0.041509259259259294
0 0.5401614583333333 0.6433425925925925 0.021854166666666685 0.03718518518518526
3 0.3135677083333333 0.29356481481481483 0.01799999999999997 0.03193518518518519
1 0.46291666666666664 0.40237962962962964 0.024807291666666724 0.034990740740740704
3 0.4553229166666667 0.6285277777777777 0.025130208333333334 0.034342592592592515
2 0.39963541666666663 0.4796759259259259 0.027687500000000042 0.03777777777777774
4 0.45078125 0.47421296296296295 0.025973958333333276 0.03176851851851847
2 0.45734375 0.43750925925925926 0.02788020833333332 0.03729629629629627
3 0.27727083333333336 0.28319444444444447 0.017609374999999972 0.03721296296296301
0 0.44422395833333334 0.5121759259259259 0.021536458333333286 0.03837037037037042
0 0.424203125 0.36992592592592594 0.02215624999999998 0.04474074074074079
0 0.5468645833333333 0.4825277777777778 0.023317708333333322 0.039685185185185094
2 0.40539583333333334 0.5595185185185185 0.021213541666666676 0.0422500000000001
4 0.340078125 0.6442407407407407 0.023098958333333287 0.03125
1 0.44603125 0.5513888888888889 0.02371874999999998 0.03562962962962964
3 0.43134895833333337 0.4515092592592593 0.024020833333333276 0.04029629629629628
3 0.35855729166666667 0.5414074074074074 0.02844791666666661 0.035064814814814715
3 0.5171510416666666 0.3667962962962963 0.024234374999999985 0.03218518518518518
3 0.339171875 0.6787777777777778 0.026953125 0.03371296296296304
3 0.343671875 0.5688518518518518 0.019468750000000055 0.039398148148148106
4 0.39513541666666663 0.6999351851851852 0.019255208333333346 0.033453703703703805
1 0.4916875 0.3934722222222222 0.025421874999999972 0.0334907407407407
2 0.479828125 0.3334537037037037 0.023947916666666676 0.0401018518518518
3 0.38769270833333336 0.6238240740740741 0.023067708333333315 0.03600925925925935
5 0.49473958333333334 0.358712962962963 0.022682291666666642 0.028509259259259227
3 0.42659895833333333 0.4881296296296296 0.022145833333333323 0.02768518518518527
5 0.38413020833333333 0.5513148148148148 0.020135416666666708 0.03362962962962957
0 0.42461979166666663 0.5368796296296297 0.022645833333333344 0.03888888888888889