5 0.504640625 0.3242407407407408 0.025463541666666718 0.038546296296296294
4 0.42934375 0.3241574074074074 0.025442708333333286 0.041435185185185186
5 0.40633854166666666 0.5175555555555555 0.022411458333333318 0.035962962962962884
2 0.40584895833333334 0.32402777777777775 0.02052604166666671 0.03742592592592589
2 0.47659375 0.5640462962962962 0.021869791666666673 0.049361111111111064
0 0.35319791666666667 0.494787037037037 0.02520833333333338 0.048731481481481584
5 0.48010416666666667 0.5050185185185185 0.024296875000000048 0.03404629629629628
5 0.3593645833333333 0.34380555555555553 0.024723958333333348 0.049462962962962924
5 0.44006249999999997 0.6674722222222222 0.029072916666666632 0.03651851851851857
4 0.525484375 0.6738518518518518 0.023041666666666672 0.040768518518518496
2 0.30264583333333334 0.4654259259259259 0.022208333333333385 0.03654629629629632
2 0.36571875 0.6386944444444445 0.023359374999999953 0.04681481481481477
5 0.4066822916666667 0.44613888888888886 0.023890624999999943 0.03503703703703707
2 0.5077760416666667 0.4838333333333333 0.023098958333333287 0.039787037037037065
2 0.45580208333333333 0.31642592592592594 0.02645833333333331 0.03667592592592594
0 0.3716666666666667 0.45837962962962964 0.02833333333333338 0.04043518518518515
5 0.4147135416666667 0.5933981481481482 0.01779166666666671 0.03998148148148154
1 0.3489479166666667 0.4335185185185185 0.023109374999999942 0.03956481481481483
4 0.32602083333333337 0.3982777777777778 0.01878124999999997 0.038398148148148174
4 0.3102395833333333 0.5059074074074074 0.025203125000000052 0.031212962962962998
5 0.5397916666666667 0.39210185185185187 0.01939583333333322 0.03536111111111116
4 0.40125520833333334 0.3725833333333333 0.02365625000000004 0.036388888888888846
2 0.513359375 0.5528333333333333 0.023916666666666704 0.039712962962963054
4 0.3063854166666667 0.4143981481481482 0.020859374999999975 0.05434259259259254
4 0.37863020833333333 0.5024722222222222 0.02428645833333339 0.04308333333333331
5 0.3658854166666667 0.5824351851851851 0.023520833333333376 0.041342592592592674
1 0.43973437499999996 0.40624074074074074 0.018552083333333278 0.04465740740740742
3 0.3297083333333333 0.45667592592592593 0.02460416666666667 0.052175925925925945
0 0.49619270833333334 0.5279444444444444 0.019916666666666673 0.03764814814814822
2 0.43526562500000004 0.5838333333333333 0.02461458333333333 0.03888888888888889
0 0.48307812499999997 0.4655 0.026442708333333325 0.03624074074074083
0 0.548296875 0.536212962962963 0.027010416666666735 0.03821296296296295
3 0.29473958333333333 0.2846759259259259 0.01686979166666672 0.0397222222222222
0 0.5290572916666666 0.4451759259259259 0.021307291666666592 0.04093518518518522
0 0.41801041666666666 0.4130740740740741 0.023479166666666627 0.045342592592592615
2 0.554359375 0.6723333333333333 0.021536458333333286 0.03615740740740737
3 0.4034270833333334 0.6539537037037036 0.024468750000000008 0.046351851851851804
0 0.42384374999999996 0.36953703703703705 0.022005208333333335 0.04425925925925922
0 0.3454375 0.6091759259259258 0.025302083333333295 0.03644444444444435
0 0.33230729166666667 0.5290462962962963 0.019234375000000033 0.037435185185185245
4 0.46570833333333334 0.3647685185185185 0.024468750000000008 0.032935185185185234
3 0.5390625 0.3508425925925926 0.02147395833333334 0.04012037037037041
5 0.415984375 0.6940555555555556 0.022505208333333353 0.04612037037037032
1 0.48284895833333336 0.4256388888888889 0.022947916666666637 0.037537037037037
4 0.4589947916666667 0.5840462962962962 0.017984374999999986 0.04128703703703696
0 0.3914947916666666 0.5864722222222222 0.02265104166666667 0.034074074074074034
1 0.46253645833333334 0.40161111111111114 0.02471875000000002 0.03496296296296295
3 0.3021510416666667 0.5927129629629629 0.024906249999999967 0.04858333333333336
2 0.4306510416666667 0.6331574074074073 0.023281250000000024 0.039750000000000056
3 0.2926614583333333 0.34685185185185186 0.02467708333333339 0.036074074074074106
3 0.38013541666666667 0.6786388888888888 0.021958333333333375 0.039805555555555566
0 0.5470989583333333 0.48218518518518516 0.02305208333333345 0.03950925925925933
0 0.5187395833333334 0.4075092592592593 0.025614583333333368 0.03627777777777773
3 0.392171875 0.40814814814814815 0.025234375000000024 0.03885185185185189
2 0.4576614583333333 0.43704629629629627 0.027958333333333366 0.03743518518518514
0 0.44415104166666663 0.3563981481481482 0.01909375000000004 0.04517592592592589
4 0.5061770833333333 0.43954629629629627 0.023239583333333275 0.0412037037037037
4 0.45046354166666663 0.4741851851851852 0.026609374999999956 0.032777777777777864
3 0.43136458333333333 0.4507407407407408 0.023812500000000014 0.04011111111111116
2 0.3997760416666667 0.47947222222222224 0.027411458333333392 0.037685185185185224
3 0.27705208333333337 0.2832314814814815 0.017609374999999972 0.03716666666666665
3 0.31322395833333333 0.29379629629629633 0.018192708333333366 0.03221296296296293
4 0.34038541666666666 0.644537037037037 0.023145833333333362 0.03093518518518526
0 0.5406770833333333 0.6437037037037038 0.022078124999999935 0.037083333333333295
0 0.44446875 0.5115925925925926 0.021791666666666622 0.038046296296296224
3 0.45578125 0.6290833333333333 0.02507291666666672 0.03471296296296297
2 0.4058072916666667 0.5594259259259259 0.021333333333333353 0.043074074074074056
3 0.5166145833333333 0.36640740740740746 0.024276041666666616 0.032259259259259286
3 0.3393697916666667 0.6793796296296296 0.02690625000000004 0.03289814814814812
5 0.4943020833333333 0.3589259259259259 0.022776041666666677 0.029731481481481494
3 0.426734375 0.4873796296296296 0.02272395833333339 0.02907407407407416
4 0.395375 0.700398148148148 0.019010416666666665 0.03355555555555556
3 0.34386458333333336 0.5681944444444444 0.019088541666666715 0.03955555555555558
5 0.384078125 0.5513611111111112 0.02009895833333329 0.03349074074074081
3 0.38806770833333337 0.6240277777777778 0.023104166666666613 0.036388888888888846
2 0.47960416666666666 0.3334537037037037 0.02342708333333334 0.03953703703703708
1 0.4918020833333333 0.3934351851851852 0.0249635416666667 0.03361111111111107
3 0.35896354166666666 0.5410092592592592 0.027953125000000037 0.03481481481481473
1 0.44649479166666667 0.5503796296296296 0.023140625000000033 0.03275925925925936
0 0.42506770833333335 0.5362870370370371 0.023140625000000033 0.03961111111111108