2 0.47113020833333336 0.28675925925925927 0.025125000000000005 0.04255555555555559
4 0.40228125 0.3822314814814815 0.022776041666666677 0.03814814814814819
2 0.4762760416666667 0.5641481481481482 0.02166145833333329 0.04926851851851855
5 0.479953125 0.5056666666666667 0.024447916666666694 0.033351851851851834
5 0.34998958333333335 0.36203703703703705 0.025369791666666686 0.04690740740740738
0 0.3530625 0.4951111111111111 0.024937500000000057 0.04926851851851855
4 0.46845312499999997 0.36477777777777776 0.024442708333333365 0.03712962962962965
4 0.5253697916666666 0.6733518518518519 0.023317708333333322 0.04057407407407401
5 0.512 0.33066666666666666 0.02332291666666665 0.03947222222222222
2 0.4816875 0.3314166666666667 0.023130208333333378 0.04137962962962957
2 0.3026302083333333 0.46602777777777776 0.022177083333333295 0.03573148148148151
1 0.34900520833333337 0.43405555555555553 0.023484374999999957 0.039222222222222235
0 0.41955729166666667 0.41585185185185186 0.024135416666666624 0.04502777777777777
2 0.507671875 0.4842962962962963 0.022932291666666653 0.039796296296296316
4 0.3101510416666667 0.5062777777777777 0.025322916666666608 0.030685185185185277
5 0.40721875 0.4472407407407407 0.024140624999999954 0.034981481481481454
0 0.4828854166666667 0.4663425925925926 0.027109374999999977 0.03675000000000005
2 0.365578125 0.6381481481481482 0.023562500000000004 0.047712962962962936
0 0.495953125 0.527962962962963 0.019546874999999984 0.0374814814814815
3 0.3296145833333333 0.4570740740740741 0.024734375000000006 0.05152777777777786
5 0.5399427083333334 0.393 0.019229166666666703 0.03643518518518521
0 0.37165625 0.45885185185185184 0.028473958333333372 0.039648148148148196
2 0.51296875 0.5529722222222223 0.0242552083333333 0.03964814814814809
4 0.30648958333333337 0.4153425925925926 0.020557291666666682 0.05469444444444449
1 0.4645572916666667 0.40217592592592594 0.023385416666666714 0.03649074074074071
3 0.40319791666666666 0.6535 0.024197916666666687 0.045722222222222324
4 0.37863020833333333 0.5028888888888889 0.024265624999999957 0.043472222222222266
0 0.5296614583333333 0.4455462962962963 0.021182291666666703 0.04034259259259264
0 0.5481041666666666 0.5365740740740741 0.027239583333333428 0.03765740740740747
2 0.5543177083333333 0.6716018518518518 0.021812500000000058 0.03661111111111108
5 0.41446875 0.5930092592592593 0.017624999999999957 0.04016666666666677
5 0.4399635416666667 0.6671111111111111 0.029218749999999953 0.036138888888888866
1 0.44254166666666667 0.41002777777777777 0.018244791666666652 0.043712962962962995
3 0.295046875 0.28500000000000003 0.016885416666666705 0.03983333333333332
4 0.32632291666666663 0.3993148148148148 0.019078125000000057 0.039249999999999986
2 0.43510937499999996 0.5837685185185185 0.02451041666666664 0.03824999999999995
0 0.33210416666666664 0.5295740740740741 0.019234375000000033 0.037055555555555536
1 0.48434375 0.42689814814814814 0.022937499999999982 0.038648148148148154
0 0.5190312499999999 0.4078333333333333 0.025161458333333307 0.03643518518518521
0 0.34506770833333333 0.609287037037037 0.02460416666666667 0.0360000000000001
0 0.5469114583333333 0.4828703703703704 0.023026041666666684 0.03953703703703708
4 0.4585677083333334 0.5839166666666666 0.017921875000000042 0.04160185185185191
0 0.3910572916666667 0.5864351851851852 0.022822916666666634 0.033129629629629606
0 0.42889583333333337 0.3761203703703703 0.02126562499999996 0.0389444444444445
3 0.3799166666666667 0.6780462962962963 0.022239583333333358 0.03964814814814809
5 0.36569270833333334 0.5823055555555555 0.02368750000000001 0.041083333333333236
3 0.277296875 0.2832777777777778 0.017489583333333295 0.03725925925925927
4 0.45116666666666666 0.4755370370370371 0.025843749999999943 0.03387962962962955
3 0.5397395833333333 0.3516018518518519 0.021901041666666763 0.04027777777777778
3 0.30190625 0.5927592592592592 0.025156249999999977 0.04880555555555559
2 0.4303697916666666 0.6325277777777778 0.023411458333333357 0.03951851851851858
3 0.38889583333333333 0.4176851851851852 0.025239583333333353 0.03750925925925925
4 0.5068750000000001 0.4405 0.022567708333333294 0.04063888888888888
2 0.4590052083333333 0.4383425925925926 0.027796874999999943 0.03810185185185183
2 0.3995885416666667 0.4796018518518519 0.027494791666666647 0.03794444444444446
0 0.5404635416666667 0.6431666666666667 0.021963541666666704 0.037018518518518534
4 0.34025 0.6437592592592593 0.023265625000000036 0.031101851851851776
3 0.31358854166666666 0.2937314814814815 0.01810416666666666 0.032416666666666656
5 0.416015625 0.6936203703703704 0.022390625000000004 0.04610185185185182
3 0.35822916666666665 0.5410833333333334 0.027906249999999962 0.035083333333333425
3 0.4318020833333333 0.45441666666666664 0.024526041666666623 0.03933333333333335
3 0.45553645833333334 0.6286481481481482 0.02528124999999998 0.03496296296296295
5 0.3836510416666667 0.5516388888888889 0.020432291666666675 0.03365740740740732
2 0.405515625 0.5597314814814814 0.021395833333333295 0.04214814814814813
0 0.42496354166666667 0.5360092592592592 0.02048437499999996 0.03985185185185182
3 0.29317187499999997 0.34703703703703703 0.024671874999999944 0.03571296296296301
3 0.33921874999999996 0.6790092592592593 0.02716145833333338 0.03301851851851859
3 0.5170989583333333 0.3672962962962963 0.024052083333333366 0.032398148148148155
0 0.4441979166666667 0.51225 0.022145833333333323 0.03780555555555549
3 0.3436197916666667 0.5687592592592593 0.019369791666666695 0.040018518518518544
1 0.4461145833333333 0.551462962962963 0.02368750000000001 0.0349722222222222
3 0.3876875 0.6238981481481481 0.022713541666666615 0.03632407407407409
4 0.395203125 0.699787037037037 0.019192708333333287 0.03330555555555558
5 0.49534895833333337 0.3596111111111111 0.02215624999999998 0.028814814814814817
0 0.44745833333333335 0.3629907407407407 0.02081250000000002 0.04325000000000003
1 0.4922552083333333 0.39282407407407405 0.026005208333333366 0.034185185185185145
3 0.425921875 0.49041666666666667 0.02311458333333339 0.029546296296296373
5 0.40645312499999997 0.5185925925925926 0.02266145833333333 0.033694444444444534