2 0.47599479166666664 0.5641203703703703 0.021505208333333314 0.04884259259259259
5 0.34988020833333333 0.36160185185185184 0.025541666666666647 0.04730555555555559
2 0.47178125000000004 0.28674074074074074 0.025312499999999953 0.042249999999999996
2 0.506859375 0.48465740740740737 0.0237916666666667 0.03965740740740734
2 0.48181250000000003 0.33173148148148146 0.02318749999999999 0.040333333333333284
5 0.5121875 0.33111111111111113 0.023510416666666718 0.04023148148148152
4 0.40210416666666665 0.3816851851851852 0.02272916666666672 0.03780555555555559
4 0.5246145833333333 0.673537037037037 0.023526041666666705 0.040425925925926004
2 0.30232291666666666 0.46501851851851855 0.02227083333333333 0.036379629629629595
5 0.4057135416666667 0.5175740740740741 0.022354166666666706 0.03610185185185186
3 0.40301041666666665 0.6536759259259259 0.02429166666666672 0.045722222222222324
4 0.46803125 0.36467592592592596 0.023692708333333336 0.03593518518518513
1 0.34888541666666667 0.43410185185185185 0.023505208333333392 0.03983333333333332
3 0.3291302083333333 0.45645370370370375 0.02440104166666662 0.05229629629629631
4 0.3098072916666667 0.5055740740740741 0.0254270833333333 0.03105555555555552
5 0.479546875 0.5058148148148148 0.024380208333333306 0.03301851851851859
2 0.512515625 0.5527777777777778 0.02431770833333336 0.03845370370370368
3 0.5396666666666667 0.3521851851851852 0.021786458333333297 0.0400833333333333
0 0.5478958333333334 0.5364814814814814 0.02736979166666676 0.03749074074074075
0 0.4956302083333333 0.5286666666666667 0.019703124999999964 0.03762037037037047
0 0.37149479166666666 0.45835185185185184 0.028614583333333363 0.03919444444444438
5 0.5395052083333333 0.39412037037037034 0.0192135416666666 0.03585185185185188
2 0.5538072916666666 0.6718981481481481 0.021000000000000085 0.03537037037037041
3 0.3015 0.5915925925925926 0.02518229166666662 0.04850925925925935
4 0.37808854166666667 0.5025925925925926 0.024473958333333337 0.042629629629629594
2 0.36519270833333334 0.637824074074074 0.023531250000000035 0.04658333333333328
2 0.434640625 0.5840648148148148 0.02390625000000005 0.038722222222222165
0 0.34480208333333334 0.6086759259259259 0.02507812500000005 0.03624074074074083
0 0.4193854166666667 0.415425925925926 0.024088541666666668 0.04418518518518521
5 0.43947916666666664 0.6669074074074074 0.029041666666666664 0.03675000000000005
0 0.518453125 0.4083333333333333 0.02557291666666662 0.036370370370370345
4 0.3063177083333333 0.41407407407407404 0.020609374999999968 0.05562962962962967
1 0.4644270833333334 0.40255555555555556 0.022963541666666625 0.03591666666666663
0 0.5294114583333334 0.44646296296296295 0.02145833333333324 0.040222222222222166
0 0.4824322916666667 0.46621296296296294 0.026781250000000038 0.035407407407407415
3 0.38871875 0.4173796296296296 0.025343750000000043 0.037453703703703746
0 0.33173437499999997 0.5288055555555555 0.019625000000000035 0.03823148148148145
5 0.406984375 0.4464166666666667 0.024020833333333276 0.03477777777777773
5 0.36485416666666665 0.582287037037037 0.024104166666666652 0.04282407407407408
0 0.39075 0.5859444444444445 0.023140625000000033 0.032694444444444394
3 0.37919791666666663 0.6777314814814815 0.021572916666666705 0.038999999999999896
2 0.42997916666666663 0.63275 0.023307291666666667 0.039805555555555566
5 0.41522395833333337 0.6939166666666666 0.022067708333333276 0.04715740740740747
4 0.32621875 0.3983425925925926 0.01924479166666669 0.03916666666666663
0 0.54671875 0.4833611111111111 0.023046875 0.03943518518518511
3 0.27852604166666667 0.2927037037037037 0.022812499999999975 0.03176851851851847
3 0.45522395833333335 0.6288703703703703 0.025453124999999945 0.034768518518518476
3 0.29448437499999996 0.2553888888888889 0.019083333333333386 0.039240740740740736
4 0.4508854166666667 0.4753611111111111 0.025411458333333314 0.034731481481481474
3 0.35827604166666666 0.5408425925925926 0.02829687499999996 0.03627777777777784
0 0.4287395833333333 0.37587037037037035 0.02112499999999997 0.0386388888888889
2 0.39886458333333336 0.4791203703703704 0.027281250000000055 0.03826851851851845
1 0.4423020833333334 0.41014814814814815 0.01836458333333333 0.04250925925925923
2 0.45865104166666665 0.4379722222222222 0.027249999999999965 0.035962962962962995
0 0.540015625 0.644 0.021750000000000113 0.03732407407407402
3 0.31663020833333333 0.29721296296296296 0.021322916666666695 0.03234259259259255
4 0.45819270833333337 0.5838425925925925 0.01829166666666661 0.04132407407407417
4 0.5067083333333333 0.4409074074074074 0.022770833333333348 0.04039814814814814
3 0.34352083333333333 0.5680462962962963 0.019588541666666615 0.04007407407407405
4 0.33972916666666664 0.6436944444444445 0.02390625000000005 0.031435185185185226
2 0.40508333333333335 0.5590462962962963 0.0207395833333333 0.042370370370370364
3 0.43128124999999995 0.4546296296296296 0.024296875000000048 0.039055555555555614
3 0.3388333333333333 0.6781666666666666 0.027276041666666608 0.03252777777777788
5 0.3836510416666667 0.5515740740740741 0.020218749999999966 0.03382407407407405
0 0.42461458333333335 0.5359907407407407 0.020755208333333285 0.03910185185185187
1 0.44571875 0.5510925925925926 0.02322395833333329 0.03512962962962968
0 0.44380729166666666 0.5125185185185185 0.021781249999999967 0.03699074074074078
0 0.3525885416666667 0.4943148148148148 0.025166666666666632 0.04914814814814808
3 0.5170260416666667 0.36797222222222226 0.024239583333333314 0.03242592592592591
4 0.39475 0.699787037037037 0.019359375000000036 0.03396296296296302
0 0.4472864583333333 0.3628888888888889 0.019510416666666686 0.04348148148148152
3 0.42535416666666664 0.490537037037037 0.023208333333333307 0.028851851851851927
5 0.4953541666666667 0.3601388888888889 0.022291666666666644 0.02858333333333334
1 0.49201562499999996 0.3934351851851852 0.025005208333333327 0.03372222222222218
1 0.48418229166666665 0.42766666666666664 0.023250000000000052 0.03891666666666664
5 0.41421354166666663 0.5931481481481482 0.01789583333333328 0.04053703703703701
3 0.3875625 0.6236203703703703 0.023395833333333373 0.037083333333333295