2 0.4760260416666667 0.5644537037037037 0.021562500000000047 0.0492037037037038
2 0.4716927083333333 0.2871944444444445 0.025156249999999977 0.042907407407407436
5 0.4799114583333333 0.5059351851851852 0.024473958333333337 0.033425925925925845
5 0.3501822916666667 0.3615277777777778 0.025468750000000047 0.04660185185185189
0 0.35305729166666666 0.4944351851851852 0.02497395833333336 0.04881481481481484
0 0.548078125 0.5372037037037036 0.027427083333333258 0.03833333333333342
1 0.3492395833333333 0.43394444444444447 0.02354687500000002 0.0393425925925926
4 0.402421875 0.3819537037037037 0.022593750000000058 0.03807407407407408
2 0.3026145833333333 0.4651018518518519 0.02215624999999998 0.03647222222222221
4 0.46877604166666664 0.3651203703703704 0.02439583333333329 0.03674999999999994
4 0.5246875000000001 0.673537037037037 0.023479166666666627 0.04061111111111102
2 0.48210416666666667 0.33166666666666667 0.023375000000000055 0.04138888888888893
2 0.507609375 0.4850925925925926 0.022916666666666665 0.04019444444444452
5 0.5123385416666667 0.3317685185185185 0.02296874999999995 0.03927777777777774
0 0.4196354166666667 0.4152314814814815 0.024249999999999973 0.04504629629629627
4 0.30645833333333333 0.4136574074074074 0.020687500000000015 0.05428703703703703
5 0.43947916666666664 0.6670555555555555 0.029005208333333362 0.036685185185185085
5 0.5399895833333334 0.39423148148148146 0.01932291666666662 0.035564814814814785
5 0.4143697916666667 0.5930462962962963 0.01758854166666666 0.039722222222222305
2 0.5543333333333333 0.6724537037037037 0.02243749999999996 0.03627777777777784
4 0.30985416666666665 0.5054907407407407 0.02538541666666667 0.031287037037037
2 0.5126562499999999 0.553888888888889 0.024161458333333385 0.040037037037037045
0 0.49575520833333336 0.5284166666666668 0.019447916666666624 0.03731481481481477
5 0.40724479166666666 0.44674074074074077 0.024020833333333276 0.034574074074074104
0 0.37155208333333334 0.45842592592592596 0.028291666666666635 0.03945370370370361
0 0.4829114583333334 0.46620370370370373 0.026786458333333367 0.03602777777777785
3 0.402984375 0.6535 0.02450520833333331 0.04614814814814807
2 0.36521875000000004 0.6377499999999999 0.023479166666666627 0.04714814814814822
3 0.32946875000000003 0.4564444444444444 0.024843750000000022 0.051379629629629636
1 0.46472916666666664 0.40251851851851855 0.022994791666666715 0.03576851851851851
1 0.48454687500000004 0.4276944444444445 0.023177083333333334 0.03798148148148146
4 0.37827083333333333 0.5022037037037037 0.024343750000000004 0.04287962962962958
4 0.3264583333333333 0.3982037037037037 0.018864583333333348 0.03889814814814814
0 0.5296875 0.4465 0.020786458333333258 0.040583333333333374
1 0.44257291666666665 0.410462962962963 0.018307291666666715 0.04394444444444448
2 0.4348489583333333 0.5838796296296297 0.024359374999999992 0.03846296296296293
0 0.344890625 0.608712962962963 0.024937500000000057 0.03640740740740735
3 0.539859375 0.3525277777777778 0.02183333333333337 0.04050925925925926
0 0.5190052083333333 0.40861111111111115 0.025468750000000047 0.037037037037037035
0 0.33197916666666666 0.528712962962963 0.019614583333333376 0.0374814814814815
5 0.4155833333333333 0.6940185185185185 0.022322916666666616 0.04596296296296305
4 0.4584375 0.5841666666666666 0.017947916666666685 0.04137037037037043
2 0.4590677083333333 0.43824074074074076 0.02798437500000001 0.03763888888888887
3 0.31715104166666663 0.29737962962962966 0.02126562499999996 0.03316666666666671
5 0.36533333333333334 0.5818796296296296 0.023739583333333297 0.04193518518518515
0 0.5469427083333334 0.4835925925925926 0.02276562500000002 0.03943518518518511
0 0.390671875 0.5859722222222222 0.023098958333333287 0.03325000000000008
4 0.45113020833333334 0.47538888888888886 0.025729166666666713 0.034037037037037025
3 0.301640625 0.5916851851851852 0.025161458333333307 0.04855555555555561
4 0.5068854166666666 0.4412222222222222 0.022718749999999944 0.04112962962962959
3 0.3794375 0.6777037037037037 0.02205208333333329 0.040055555555555546
0 0.4293020833333333 0.3760833333333333 0.021546874999999945 0.03888888888888889
0 0.5401354166666666 0.6439351851851852 0.021838541666666583 0.03739814814814824
3 0.38890104166666667 0.4175092592592593 0.025390625 0.0371203703703704
2 0.39931770833333335 0.4791296296296297 0.02702083333333339 0.037740740740740734
3 0.45517708333333334 0.6288981481481482 0.02517187499999996 0.03496296296296295
3 0.43178125 0.45475925925925925 0.024598958333333344 0.03903703703703711
4 0.3397760416666667 0.6435555555555555 0.02365104166666671 0.031444444444444476
3 0.35821354166666663 0.5406296296296296 0.027953125000000037 0.03560185185185189
0 0.4477604166666667 0.36285185185185187 0.019979166666666614 0.04270370370370371
2 0.40525520833333334 0.5593055555555555 0.021526041666666627 0.04227777777777785
5 0.38378645833333336 0.5512870370370371 0.019979166666666614 0.03428703703703701
0 0.443953125 0.5128703703703703 0.022171874999999966 0.038111111111111186
3 0.5173489583333333 0.36796296296296294 0.024374999999999977 0.03275925925925925
3 0.3387395833333333 0.6784444444444445 0.027249999999999965 0.03314814814814811
0 0.42469270833333334 0.5355555555555556 0.020859374999999975 0.03846296296296293
3 0.38735416666666667 0.6234351851851851 0.022854166666666724 0.03587037037037038
3 0.34338541666666667 0.56775 0.018916666666666634 0.03984259259259257
3 0.4256510416666667 0.49024074074074075 0.02300000000000004 0.029009259259259193
4 0.39465625 0.6996574074074075 0.01939062500000001 0.03363888888888882
1 0.44594791666666667 0.5517407407407408 0.02332812499999998 0.03534259259259266
5 0.49549479166666666 0.3599259259259259 0.022281249999999985 0.028490740740740723
5 0.4064270833333333 0.5183888888888889 0.02442187500000005 0.035805555555555625
2 0.4304270833333333 0.6337962962962963 0.02442187500000005 0.04113888888888895
1 0.49234374999999997 0.394212962962963 0.029135416666666695 0.03732407407407402