5 0.35017708333333336 0.3615 0.025541666666666647 0.04670370370370365
2 0.47603645833333336 0.5647685185185186 0.021619791666666662 0.04958333333333329
1 0.34914062500000004 0.4341203703703704 0.023421875000000016 0.03957407407407408
2 0.48217187499999997 0.33178703703703705 0.023572916666666662 0.04103703703703708
5 0.47975 0.5061481481481481 0.024489583333333325 0.032787037037037114
4 0.4025625 0.38186111111111115 0.022718749999999944 0.03795370370370371
2 0.30251041666666667 0.46513888888888894 0.022343750000000048 0.036370370370370345
0 0.3530052083333333 0.4946759259259259 0.024630208333333313 0.050370370370370454
4 0.524734375 0.6736481481481481 0.023739583333333297 0.04073148148148149
2 0.5128854166666666 0.5536481481481482 0.024270833333333287 0.039712962962963054
2 0.5077760416666667 0.48518518518518516 0.023026041666666684 0.03942592592592586
4 0.468796875 0.36515740740740743 0.0242552083333333 0.03630555555555559
0 0.41954166666666665 0.4157962962962963 0.024036458333333382 0.04508333333333328
5 0.5123072916666667 0.33167592592592593 0.02286458333333338 0.03925925925925924
5 0.41433333333333333 0.593462962962963 0.01821354166666668 0.03997222222222229
5 0.4071197916666666 0.4466851851851852 0.02418750000000003 0.035250000000000045
0 0.49564583333333334 0.5286388888888889 0.019515625000000016 0.0371203703703703
4 0.3065572916666667 0.4138981481481481 0.020765624999999944 0.054509259259259264
2 0.36514583333333334 0.6379166666666667 0.023520833333333376 0.047703703703703686
5 0.5402135416666667 0.3945740740740741 0.019776041666666563 0.03626851851851848
0 0.3715833333333334 0.4585185185185185 0.028567708333333285 0.03949074074074072
0 0.48282291666666666 0.4669814814814815 0.02681250000000001 0.036379629629629595
2 0.554296875 0.6729907407407408 0.02222395833333337 0.03665740740740733
0 0.5480625 0.5372222222222223 0.027385416666666627 0.03834259259259267
3 0.32955208333333336 0.45637037037037037 0.02495312500000004 0.05163888888888887
5 0.43959375 0.6674814814814815 0.029364583333333392 0.03634259259259259
1 0.4648541666666667 0.4021388888888889 0.02319270833333332 0.036212962962962975
4 0.30991145833333333 0.5056203703703704 0.02527604166666665 0.0313055555555555
1 0.4845364583333333 0.4274351851851852 0.022989583333333386 0.03812962962962958
1 0.442625 0.4103148148148148 0.018390624999999973 0.04397222222222223
2 0.4350572916666666 0.5843240740740742 0.024708333333333363 0.038648148148148154
4 0.3783229166666667 0.5025833333333333 0.024447916666666694 0.04312962962962956
0 0.5190677083333334 0.4087037037037037 0.02538541666666667 0.036944444444444426
0 0.34484895833333334 0.6086666666666667 0.024979166666666684 0.03562037037037039
0 0.33167708333333334 0.5290185185185186 0.019484375000000043 0.03722222222222227
0 0.5468541666666666 0.4839259259259259 0.022937499999999982 0.03956481481481483
3 0.40294791666666663 0.6537314814814814 0.02439062499999996 0.04640740740740731
4 0.3263802083333333 0.39850925925925923 0.019151041666666656 0.038962962962963
0 0.39072395833333334 0.5860740740740741 0.023041666666666672 0.03328703703703708
5 0.36528125 0.5822037037037037 0.023817708333333344 0.041305555555555463
3 0.5400208333333333 0.3522685185185185 0.02215624999999998 0.04025925925925928
2 0.430140625 0.6327037037037038 0.023302083333333338 0.03929629629629635
0 0.529859375 0.446712962962963 0.02119791666666669 0.04032407407407403
2 0.4592708333333333 0.4385092592592592 0.02780208333333339 0.03734259259259263
0 0.4291875 0.3759444444444444 0.021317708333333366 0.03873148148148152
5 0.415703125 0.6942314814814815 0.022718749999999944 0.045675925925925856
4 0.5068385416666666 0.4415277777777778 0.022677083333333313 0.040212962962962916
4 0.4511041666666667 0.47576851851851854 0.02564062500000001 0.034351851851851765
4 0.458421875 0.5843518518518519 0.01776041666666662 0.04125925925925921
2 0.3994270833333333 0.4795925925925926 0.02734375 0.03817592592592594
2 0.405390625 0.5596018518518519 0.02149479166666666 0.04201851851851862
0 0.5402864583333333 0.6442407407407407 0.02205208333333341 0.03720370370370376
3 0.301640625 0.5916851851851852 0.02492708333333328 0.04822222222222215
3 0.38915104166666664 0.41759259259259257 0.025552083333333305 0.0375185185185185
4 0.339921875 0.6435555555555555 0.023489583333333286 0.031166666666666742
3 0.37934375000000004 0.6779074074074074 0.021776041666666638 0.03950000000000008
3 0.431640625 0.45449074074074075 0.024635416666666642 0.03889814814814814
5 0.38344791666666667 0.5515648148148149 0.020473958333333306 0.03391666666666677
3 0.4551822916666667 0.6290833333333333 0.02495833333333337 0.034768518518518476
3 0.35801041666666666 0.5410833333333334 0.0280885416666667 0.035166666666666686
0 0.44764583333333335 0.36300925925925925 0.020291666666666687 0.043027777777777804
0 0.4440104166666667 0.5123981481481481 0.02227083333333333 0.03766666666666672
3 0.3387604166666666 0.6784166666666667 0.027255208333333295 0.033055555555555595
3 0.5172135416666667 0.3679814814814815 0.024348958333333334 0.032398148148148155
3 0.3433645833333333 0.5683888888888889 0.019333333333333275 0.040064814814814796
4 0.3947864583333333 0.6998333333333334 0.019229166666666703 0.033768518518518545
3 0.38735416666666667 0.6237037037037038 0.023072916666666644 0.03627777777777784
1 0.4919895833333333 0.3933888888888889 0.026145833333333358 0.034435185185185235
1 0.4458489583333333 0.5513333333333333 0.023411458333333357 0.03421296296296301
5 0.49545833333333333 0.35987962962962966 0.021885416666666657 0.02874999999999996
0 0.42457291666666663 0.5363240740740741 0.020661458333333372 0.03985185185185182
3 0.42565625 0.4903888888888889 0.023145833333333362 0.02998148148148158
5 0.40593229166666667 0.5184907407407408 0.023484374999999957 0.03729629629629627
2 0.47183854166666667 0.28749074074074077 0.023171875000000005 0.04286111111111108