5 0.5210885416666666 0.27122222222222225 0.025973958333333276 0.03890740740740739
5 0.48025520833333335 0.5083240740740741 0.024447916666666694 0.033379629629629586
1 0.34708854166666664 0.4358796296296296 0.023354166666666624 0.04170370370370367
2 0.4956302083333333 0.34720370370370374 0.022734375000000046 0.04643518518518516
4 0.3554010416666667 0.3705462962962963 0.022427083333333306 0.03931481481481485
4 0.3067239583333333 0.41352777777777777 0.021140624999999958 0.05422222222222217
5 0.4063177083333333 0.4549074074074074 0.022848958333333277 0.03766666666666662
0 0.3718541666666667 0.45884259259259264 0.02745312500000002 0.04144444444444444
2 0.47081770833333336 0.2824074074074074 0.02529166666666664 0.041824074074074034
5 0.4052864583333333 0.5219722222222223 0.02184375000000003 0.035824074074074126
4 0.5247760416666667 0.6738888888888889 0.023624999999999948 0.04062037037037027
2 0.4761197916666667 0.5646388888888888 0.021749999999999995 0.049351851851851807
0 0.418046875 0.41987962962962966 0.02713541666666662 0.03885185185185189
5 0.41582291666666665 0.5977777777777779 0.01906770833333328 0.03816666666666669
5 0.439640625 0.6676296296296296 0.02958333333333331 0.036472222222222316
1 0.46413541666666663 0.40475925925925926 0.026041666666666668 0.03625925925925923
2 0.3025729166666667 0.4651296296296296 0.02246875000000005 0.03668518518518519
4 0.32960937500000004 0.39473148148148146 0.01885416666666669 0.039203703703703734
2 0.5083958333333334 0.4865833333333333 0.024531249999999952 0.03632407407407409
0 0.48125 0.46972222222222226 0.026015625000000025 0.03731481481481477
4 0.30996875 0.5056574074074074 0.025458333333333392 0.03113888888888899
1 0.44147916666666664 0.41125 0.019656250000000004 0.044518518518518554
5 0.5468020833333332 0.3942037037037037 0.019958333333333418 0.0338148148148148
0 0.49669791666666663 0.5301296296296296 0.019822916666666638 0.03660185185185183
4 0.45227083333333334 0.4768240740740741 0.02744791666666669 0.03340740740740734
2 0.51615625 0.5533611111111111 0.0241822916666667 0.040064814814814796
2 0.55440625 0.6726388888888889 0.022119791666666562 0.036055555555555605
4 0.3744270833333333 0.5043518518518519 0.024593750000000015 0.04325925925925928
2 0.36511979166666664 0.6379537037037037 0.023661458333333368 0.04792592592592592
5 0.36471875 0.5828518518518518 0.023828125 0.04132407407407417
2 0.4350625 0.5840555555555556 0.02451041666666664 0.039064814814814865
4 0.5093854166666667 0.4455925925925926 0.024156250000000056 0.03919444444444448
3 0.327390625 0.4573240740740741 0.02481770833333338 0.052175925925925945
0 0.533453125 0.4526388888888889 0.02340104166666658 0.036907407407407423
1 0.4846822916666667 0.43025 0.022255208333333342 0.037537037037037
0 0.34489583333333335 0.6089537037037037 0.02507812500000005 0.03587962962962963
0 0.4156875 0.37246296296296294 0.023807291666666685 0.04162037037037041
0 0.5481614583333333 0.5371759259259259 0.027140625000000067 0.03885185185185189
0 0.52903125 0.41450000000000004 0.027223958333333322 0.035416666666666666
0 0.39010416666666664 0.5864722222222222 0.023067708333333315 0.033453703703703805
4 0.45845833333333336 0.5843518518518519 0.01825520833333331 0.04095370370370372
0 0.331921875 0.5287777777777778 0.018932291666666618 0.03714814814814805
5 0.41561458333333334 0.6942777777777778 0.022411458333333318 0.04591666666666659
3 0.40286979166666664 0.6542037037037036 0.02443229166666671 0.04644444444444452
3 0.389265625 0.4210462962962963 0.02520833333333338 0.03836111111111107
2 0.4301041666666666 0.632425925925926 0.023286458333333353 0.04027777777777778
0 0.5485 0.4861481481481481 0.024546875000000058 0.037111111111111046
0 0.5401354166666666 0.6442962962962964 0.0218020833333334 0.03762962962962972
3 0.5436354166666667 0.34300925925925924 0.021791666666666744 0.03887037037037039
5 0.51096875 0.37636111111111115 0.02058854166666665 0.02955555555555552
2 0.45864583333333336 0.4399166666666667 0.028677083333333304 0.03756481481481486
3 0.3016302083333333 0.5916944444444444 0.024942708333333386 0.048407407407407385
4 0.3398125 0.6436666666666666 0.023458333333333314 0.03095370370370376
2 0.39551041666666664 0.48368518518518516 0.026479166666666623 0.03886111111111114
3 0.37937499999999996 0.6780740740740742 0.02191666666666663 0.03976851851851856
3 0.45516666666666666 0.6291666666666667 0.02506770833333339 0.03492592592592595
0 0.44356249999999997 0.512324074074074 0.022786458333333332 0.03763888888888897
2 0.4065989583333333 0.5641944444444444 0.022505208333333353 0.04022222222222227
3 0.4310833333333333 0.454712962962963 0.024833333333333367 0.03912962962962962
3 0.53021875 0.3730277777777778 0.01756770833333334 0.04174074074074078
3 0.35755729166666667 0.5411296296296296 0.027828125000000033 0.036685185185185085
3 0.42533333333333334 0.49087037037037035 0.024124999999999966 0.03093518518518526
3 0.3424947916666667 0.5684629629629631 0.01889583333333332 0.039370370370370354
4 0.39466666666666667 0.7000462962962962 0.018973958333333367 0.03358333333333332
1 0.44613020833333333 0.5511296296296296 0.023505208333333392 0.03513888888888893
3 0.38759895833333335 0.6238333333333334 0.023026041666666684 0.03681481481481481
0 0.3497864583333333 0.4926296296296296 0.02254166666666665 0.0518240740740741
5 0.38396875 0.5516296296296296 0.019901041666666685 0.03458333333333325
3 0.33866666666666667 0.678537037037037 0.027687500000000042 0.03329629629629633
1 0.5011510416666667 0.4076666666666666 0.026223958333333287 0.03633333333333334
0 0.4238645833333334 0.5365833333333333 0.021484375 0.04132407407407417