4 0.35513020833333336 0.3721759259259259 0.02255208333333331 0.03943518518518521
1 0.34718750000000004 0.4361851851851852 0.023109374999999942 0.04207407407407402
5 0.4062604166666667 0.4547407407407407 0.02255729166666664 0.03723148148148152
2 0.47632291666666665 0.564787037037037 0.021828125000000042 0.04901851851851857
4 0.30663541666666666 0.41370370370370374 0.02109375 0.05409259259259255
1 0.44145833333333334 0.4117685185185185 0.01953125 0.04487962962962966
2 0.49540625 0.3474722222222222 0.022531249999999996 0.046296296296296294
5 0.48019791666666667 0.5082685185185185 0.024369791666666647 0.033351851851851834
1 0.4640833333333333 0.4047962962962963 0.026078124999999966 0.036120370370370365
4 0.5248645833333333 0.6738425925925926 0.023593750000000094 0.04031481481481478
2 0.3026510416666667 0.4652222222222222 0.02254687499999998 0.03674999999999994
0 0.3291145833333333 0.31247222222222226 0.024770833333333304 0.04073148148148149
0 0.4813125 0.469712962962963 0.026171875 0.037574074074074114
0 0.37163541666666666 0.4587962962962963 0.02744270833333336 0.04096296296296297
5 0.4396614583333333 0.6674166666666667 0.029161458333333338 0.036398148148148096
3 0.389265625 0.4211944444444444 0.025192708333333275 0.037999999999999964
5 0.41600000000000004 0.5978888888888889 0.019015624999999994 0.0386388888888889
2 0.5163125000000001 0.553537037037037 0.024041666666666708 0.03997222222222229
3 0.3272291666666666 0.45725 0.024364583333333318 0.052240740740740706
5 0.405234375 0.5222592592592592 0.021749999999999995 0.03562037037037039
4 0.45233333333333337 0.47697222222222224 0.02769270833333337 0.0338518518518518
4 0.37445833333333334 0.5042407407407408 0.024697916666666705 0.04313888888888881
4 0.3099739583333333 0.5059166666666667 0.025432291666666627 0.030814814814814788
2 0.508359375 0.48671296296296296 0.024833333333333367 0.036379629629629595
0 0.34981249999999997 0.49216666666666664 0.022515625000000008 0.05276851851851853
3 0.4031875 0.6537685185185186 0.024453125000000023 0.04592592592592584
0 0.41797395833333334 0.42053703703703704 0.027088541666666664 0.039518518518518474
0 0.3900520833333333 0.5867314814814815 0.023062499999999986 0.033064814814814845
2 0.5544895833333333 0.6727314814814814 0.022432291666666753 0.03600925925925935
0 0.5482135416666666 0.5372870370370371 0.02691145833333337 0.03844444444444443
3 0.5434375 0.34317592592592594 0.02183333333333337 0.0382037037037037
5 0.36503125000000003 0.5828981481481481 0.02368750000000001 0.04133333333333342
0 0.34499479166666663 0.6091388888888889 0.02475520833333332 0.03600925925925935
1 0.48442708333333334 0.4305462962962963 0.022093750000000037 0.03754629629629625
4 0.3295208333333333 0.3951574074074074 0.018515624999999977 0.039407407407407356
2 0.43526562500000004 0.5839444444444444 0.024635416666666642 0.03837962962962967
2 0.36536979166666667 0.6378611111111111 0.023531250000000035 0.04753703703703696
0 0.331921875 0.5290092592592593 0.019135416666666672 0.03737962962962953
0 0.5289375 0.41455555555555557 0.027213541666666667 0.03583333333333338
3 0.30171875 0.5919351851851852 0.02520833333333338 0.04856481481481486
0 0.41563541666666665 0.3728148148148148 0.023515625000000047 0.04205555555555552
4 0.5094947916666667 0.4456388888888889 0.024307291666666706 0.03984259259259257
0 0.4969791666666667 0.5305092592592593 0.019822916666666638 0.036675925925925834
5 0.4156927083333333 0.6941296296296297 0.022395833333333334 0.04588888888888884
5 0.546453125 0.3938333333333333 0.020041666666666676 0.032574074074074026
0 0.5333802083333333 0.453 0.02322395833333341 0.03653703703703707
3 0.37950520833333334 0.6778055555555556 0.02202604166666665 0.03935185185185185
2 0.43027604166666666 0.6324907407407407 0.023213541666666632 0.0401018518518518
4 0.4585989583333333 0.5845462962962963 0.01804166666666672 0.041435185185185186
2 0.458671875 0.44042592592592594 0.028796874999999982 0.037611111111111116
0 0.5484843749999999 0.486037037037037 0.024458333333333353 0.03657407407407407
3 0.4553333333333333 0.6293518518518519 0.025447916666666615 0.0349351851851852
3 0.43103125000000003 0.45487962962962963 0.024869791666666665 0.038814814814814885
0 0.5402447916666666 0.6443888888888889 0.02184375000000003 0.037453703703703746
3 0.35741666666666666 0.5412870370370371 0.027833333333333363 0.03655555555555557
2 0.3955364583333333 0.48395370370370366 0.026755208333333277 0.03925925925925934
0 0.42448437499999997 0.5371018518518519 0.020546875000000023 0.041305555555555463
2 0.40681770833333336 0.5640462962962962 0.0222291666666667 0.039731481481481555
0 0.44366145833333337 0.5127592592592592 0.02272395833333339 0.037027777777777784
5 0.5109166666666667 0.3762407407407407 0.020609374999999968 0.027722222222222273
3 0.33886979166666664 0.6784722222222223 0.027499999999999976 0.033120370370370356
3 0.4253958333333333 0.4911296296296296 0.02451041666666664 0.031425925925925975
3 0.38765625 0.6240185185185185 0.02286979166666671 0.03683333333333331
1 0.446296875 0.5512407407407408 0.023385416666666714 0.03462037037037046
3 0.34289583333333334 0.5687037037037037 0.019234375000000033 0.038814814814814885
4 0.3946979166666667 0.7000740740740741 0.01909375000000004 0.03319444444444436
5 0.38413020833333333 0.5516296296296296 0.020145833333333366 0.03449074074074074
3 0.5302083333333333 0.37299074074074073 0.017276041666666703 0.04212962962962963
1 0.5011927083333333 0.4073148148148148 0.026651041666666705 0.035583333333333286
2 0.46871875 0.28675925925925927 0.023312499999999996 0.04144444444444444
4 0.3410364583333333 0.6433888888888889 0.02385416666666664 0.029879629629629614