2 0.4956041666666666 0.34778703703703706 0.022744791666666705 0.04664814814814815
1 0.34719791666666666 0.4361111111111111 0.02322395833333329 0.04218518518518514
4 0.35546875 0.3724722222222222 0.022666666666666658 0.039898148148148176
5 0.4063333333333333 0.4553796296296296 0.02276562500000002 0.037731481481481484
4 0.30678125 0.4138981481481481 0.021072916666666684 0.05418518518518517
5 0.48015104166666667 0.5085925925925926 0.024593750000000015 0.03332407407407408
4 0.5247239583333333 0.6735648148148149 0.023776041666666713 0.04055555555555551
1 0.4641614583333334 0.4053888888888889 0.02584895833333339 0.036351851851851844
2 0.47615625 0.5645555555555556 0.021708333333333368 0.04923148148148155
2 0.3027916666666667 0.4652685185185185 0.022411458333333318 0.03610185185185186
0 0.37180729166666665 0.45895370370370375 0.02756250000000004 0.04146296296296294
5 0.40517187499999996 0.5219907407407407 0.021708333333333368 0.03562037037037039
5 0.4395729166666667 0.6672592592592592 0.029359374999999945 0.03657407407407407
0 0.329359375 0.31260185185185185 0.02474999999999999 0.040685185185185234
4 0.32969791666666665 0.3952222222222222 0.01899479166666668 0.03917592592592598
0 0.533421875 0.45302777777777775 0.02321354166666675 0.03609259259259261
2 0.5084427083333334 0.48684259259259255 0.024895833333333308 0.03617592592592587
0 0.41815104166666667 0.42040740740740745 0.026822916666666665 0.039083333333333366
0 0.4812083333333333 0.46987037037037027 0.0257447916666667 0.037462962962962996
4 0.31000520833333334 0.5055833333333333 0.025447916666666615 0.031175925925925992
0 0.49657291666666664 0.5305277777777778 0.019895833333333356 0.03618518518518512
3 0.3274947916666667 0.45733333333333337 0.02454166666666661 0.05267592592592591
1 0.4414427083333334 0.41114814814814815 0.01952604166666667 0.04393518518518523
5 0.41569791666666667 0.5974444444444444 0.019041666666666637 0.03816666666666669
2 0.5542135416666666 0.6725648148148148 0.02201041666666678 0.035805555555555625
2 0.5161875 0.5534351851851852 0.02414583333333328 0.04025000000000002
4 0.37447916666666664 0.5043518518518519 0.024557291666666713 0.04311111111111106
4 0.452296875 0.4771111111111111 0.027499999999999976 0.0338333333333333
4 0.5093802083333333 0.44585185185185183 0.024171875000000044 0.040175925925925914
0 0.345 0.6086759259259259 0.025010416666666656 0.0356759259259259
0 0.38990104166666667 0.5863888888888888 0.02290104166666668 0.03315740740740736
5 0.36475 0.5827222222222223 0.02385937499999997 0.041787037037037136
3 0.4029739583333333 0.6539537037037036 0.0241822916666667 0.04675000000000001
0 0.33194270833333334 0.5288333333333333 0.01935416666666671 0.03724074074074077
2 0.365171875 0.6375648148148149 0.02354687500000002 0.0482314814814814
1 0.48463541666666665 0.4307037037037037 0.02194270833333339 0.037851851851851845
5 0.5468072916666666 0.39437962962962964 0.02020833333333343 0.03349999999999995
5 0.41559375000000004 0.6942685185185185 0.02236979166666669 0.04577777777777783
0 0.41583333333333333 0.3728518518518519 0.02376041666666661 0.04172222222222228
0 0.5480677083333333 0.537 0.026963541666666656 0.03869444444444441
4 0.4583125 0.5843611111111111 0.01804166666666672 0.04149074074074069
2 0.435015625 0.5838796296296297 0.024567708333333372 0.038425925925925926
3 0.301765625 0.5912037037037037 0.025223958333333366 0.04881481481481484
3 0.3794635416666667 0.6777407407407408 0.022067708333333276 0.03975925925925931
3 0.389453125 0.4214351851851852 0.025234375000000024 0.03782407407407409
2 0.4585677083333334 0.44022222222222224 0.028244791666666675 0.03729629629629627
3 0.5437916666666667 0.3435648148148148 0.021911458333333418 0.03791666666666671
4 0.33984895833333334 0.6435740740740741 0.02344791666666666 0.03104629629629627
0 0.5401875 0.6440925925925925 0.02198958333333323 0.03740740740740749
3 0.43103125000000003 0.45512037037037034 0.02520833333333338 0.0382407407407407
0 0.52909375 0.4146944444444444 0.027046875000000033 0.036064814814814855
3 0.45522395833333335 0.628712962962963 0.025416666666666643 0.03479629629629623
0 0.4245104166666666 0.5370092592592592 0.0207395833333333 0.04094444444444447
3 0.53025 0.37353703703703706 0.01725520833333339 0.04130555555555557
2 0.3955677083333333 0.4840277777777778 0.026317708333333318 0.038833333333333386
2 0.4065729166666667 0.5639351851851852 0.021937499999999943 0.039629629629629584
5 0.38399479166666667 0.5516666666666666 0.02049999999999995 0.0338518518518518
1 0.5012395833333333 0.40750000000000003 0.026442708333333325 0.03575925925925926
3 0.35746354166666666 0.5409907407407407 0.027968750000000025 0.03619444444444437
0 0.443734375 0.5127222222222222 0.022406249999999992 0.036472222222222316
5 0.5109791666666667 0.3773148148148148 0.020343749999999973 0.029453703703703652
0 0.5486249999999999 0.48606481481481484 0.024598958333333344 0.036722222222222295
3 0.33866666666666667 0.678287037037037 0.027411458333333392 0.03286111111111112
3 0.3875208333333333 0.6236018518518519 0.02325520833333338 0.03698148148148153
3 0.342484375 0.5684259259259259 0.019151041666666656 0.03988888888888882
1 0.44610416666666663 0.550675925925926 0.023375000000000055 0.03428703703703701
4 0.3945520833333333 0.6997685185185185 0.01967708333333332 0.03394444444444452
3 0.425375 0.4909722222222222 0.024526041666666623 0.031444444444444476
2 0.4301041666666666 0.6323981481481482 0.022942708333333308 0.040333333333333284
0 0.3495052083333333 0.4919907407407408 0.023999999999999962 0.05756481481481488