2 0.49553125 0.34778703703703706 0.02269791666666663 0.0466944444444444
5 0.40622395833333336 0.45489814814814816 0.022833333333333292 0.03742592592592589
5 0.48008854166666665 0.5083333333333333 0.024369791666666647 0.03331481481481483
4 0.35535416666666664 0.3721203703703704 0.022708333333333285 0.03931481481481485
4 0.3066041666666666 0.41391666666666665 0.02119791666666669 0.05480555555555561
1 0.34717708333333336 0.43601851851851847 0.023109374999999942 0.04191666666666665
2 0.47628125000000004 0.5646296296296296 0.02169270833333338 0.04941666666666657
1 0.4641458333333333 0.40496296296296297 0.025791666666666657 0.03587037037037038
4 0.5248802083333334 0.6737314814814814 0.02357291666666678 0.040685185185185234
2 0.3026145833333333 0.46543518518518523 0.022515625000000008 0.036361111111111094
0 0.371671875 0.45858333333333334 0.027109374999999977 0.04091666666666672
0 0.41799479166666664 0.42024074074074075 0.02713541666666662 0.03905555555555551
5 0.43971875 0.667287037037037 0.029255208333333373 0.036398148148148096
0 0.481390625 0.4695648148148148 0.02645833333333331 0.037018518518518534
5 0.4052239583333333 0.5221018518518519 0.021749999999999995 0.0360185185185186
1 0.44146875 0.4115833333333333 0.01941666666666665 0.04506481481481478
5 0.41596354166666666 0.5976944444444444 0.018973958333333367 0.03828703703703695
4 0.30992187499999996 0.505712962962963 0.02549479166666669 0.03124074074074075
0 0.496796875 0.5302777777777778 0.0199583333333333 0.03693518518518528
2 0.5084166666666666 0.48680555555555555 0.02475520833333332 0.03631481481481484
4 0.45221875 0.476925925925926 0.027427083333333376 0.033472222222222306
4 0.3295677083333333 0.395 0.018802083333333285 0.03872222222222227
4 0.37446875 0.5044537037037037 0.024791666666666618 0.04320370370370378
0 0.5332343749999999 0.45279629629629625 0.022786458333333332 0.036777777777777805
3 0.38921875 0.4213888888888889 0.025114583333333346 0.0381851851851852
2 0.5163072916666667 0.5533425925925926 0.023921875000000033 0.04009259259259255
0 0.34509375000000003 0.6085370370370371 0.025192708333333275 0.03553703703703714
5 0.5466927083333334 0.394037037037037 0.02005729166666678 0.033101851851851855
2 0.435328125 0.5840555555555556 0.025052083333333287 0.038740740740740666
4 0.509421875 0.446 0.02432291666666669 0.0393055555555556
0 0.3900416666666667 0.586574074074074 0.022916666666666665 0.03325000000000008
1 0.4844583333333333 0.4303240740740741 0.021890624999999986 0.03798148148148146
0 0.33191666666666664 0.5289537037037036 0.01941666666666665 0.037444444444444495
2 0.554328125 0.6724722222222222 0.02213020833333322 0.035796296296296375
3 0.40309895833333337 0.6537870370370371 0.024416666666666722 0.04585185185185184
3 0.3274947916666667 0.4572962962962963 0.025135416666666664 0.052620370370370304
2 0.365421875 0.6372592592592593 0.023557291666666678 0.049055555555555574
0 0.548140625 0.5369722222222222 0.02702083333333339 0.03846296296296293
5 0.36487499999999995 0.5828796296296296 0.02397395833333332 0.041685185185185165
0 0.3498645833333333 0.49256481481481484 0.02269791666666663 0.052740740740740776
0 0.41574479166666667 0.3727037037037037 0.02372395833333331 0.04164814814814816
4 0.45846875 0.5841851851851851 0.017916666666666713 0.04163888888888891
5 0.4157083333333333 0.6940462962962963 0.02236979166666669 0.04610185185185182
3 0.543765625 0.3438333333333333 0.021895833333333316 0.03846296296296293
3 0.3018645833333334 0.5912314814814814 0.025270833333333322 0.048768518518518586
0 0.5404114583333333 0.6441111111111111 0.021963541666666704 0.03754629629629625
3 0.37965104166666663 0.6778703703703703 0.022151041666666652 0.03963888888888884
2 0.45871875 0.44051851851851853 0.02909374999999995 0.03730555555555552
0 0.5484843749999999 0.48597222222222225 0.024494791666666772 0.03714814814814805
2 0.4301979166666667 0.6325185185185185 0.022947916666666637 0.03982407407407407
3 0.45528124999999997 0.6288333333333334 0.025364583333333357 0.035046296296296214
0 0.5289270833333333 0.4145277777777778 0.026989583333333417 0.03577777777777776
4 0.34015625 0.6432685185185185 0.023177083333333334 0.031018518518518518
3 0.43099479166666665 0.45484259259259263 0.025015624999999986 0.038962962962962894
3 0.5300208333333333 0.37348148148148147 0.01716145833333336 0.04161111111111116
2 0.40654166666666663 0.563787037037037 0.022307291666666628 0.03976851851851856
2 0.39531770833333335 0.4838333333333333 0.026583333333333313 0.03900925925925936
0 0.44376041666666666 0.5123981481481481 0.02219791666666661 0.03732407407407402
0 0.424640625 0.5370925925925926 0.0207395833333333 0.041416666666666685
3 0.34265625 0.5684907407407408 0.01952604166666667 0.040037037037037045
3 0.33875520833333334 0.6781759259259259 0.027302083333333373 0.03324074074074083
5 0.510875 0.37695370370370374 0.020749999999999956 0.028703703703703703
1 0.4459947916666666 0.5508055555555555 0.02343229166666667 0.03431481481481476
1 0.5011666666666666 0.4072222222222222 0.026619791666666615 0.035009259259259316
3 0.38753645833333333 0.6234537037037038 0.022921874999999994 0.03665740740740733
4 0.39466666666666667 0.6998796296296297 0.019302083333333307 0.03386111111111105
3 0.3575052083333333 0.541175925925926 0.02777604166666663 0.03625000000000008
5 0.38409375 0.5512962962962963 0.020145833333333366 0.03446296296296299
3 0.42531250000000004 0.49094444444444446 0.024281249999999942 0.0312314814814815