5 0.40651041666666665 0.45512962962962966 0.022770833333333348 0.038259259259259305
5 0.480140625 0.5086759259259259 0.02439583333333329 0.03358333333333332
1 0.5012291666666667 0.4104259259259259 0.023302083333333338 0.04245370370370372
1 0.3473125 0.43615740740740744 0.023270833333333366 0.042240740740740745
4 0.30709375 0.41400925925925924 0.021348958333333338 0.05470370370370374
4 0.355515625 0.3722962962962963 0.022776041666666677 0.03955555555555558
2 0.47619791666666667 0.564861111111111 0.02158854166666669 0.04883333333333334
1 0.464203125 0.4046018518518519 0.02585937500000005 0.036
4 0.52465625 0.6740092592592593 0.023729166666666638 0.04052777777777776
2 0.30288541666666663 0.46550925925925923 0.022203125000000056 0.036731481481481545
0 0.41808333333333336 0.4202222222222222 0.027281250000000055 0.03940740740740746
0 0.3719635416666666 0.45891666666666664 0.02787499999999999 0.04160185185185191
3 0.402984375 0.6540648148148148 0.02442708333333338 0.047027777777777745
3 0.3894375 0.42180555555555554 0.025432291666666627 0.03871296296296302
0 0.4815833333333333 0.47007407407407414 0.02559895833333338 0.03750925925925925
0 0.5484947916666666 0.5368425925925926 0.026895833333333268 0.03834259259259267
1 0.4415104166666667 0.41172222222222227 0.019656250000000004 0.04475925925925929
5 0.4395104166666667 0.6675462962962964 0.02958333333333331 0.03650925925925932
5 0.51971875 0.39735185185185184 0.021812500000000058 0.034166666666666644
5 0.4053020833333333 0.5220555555555556 0.021854166666666685 0.03609259259259261
5 0.41578645833333333 0.5980185185185185 0.019057291666666625 0.039046296296296364
2 0.5158437499999999 0.4925092592592592 0.02176562499999998 0.04258333333333334
4 0.329703125 0.39519444444444446 0.018968750000000038 0.039231481481481485
5 0.5501874999999999 0.4062962962962963 0.019104166666666582 0.034888888888888844
3 0.32748958333333333 0.4575 0.025057291666666613 0.05316666666666674
3 0.30175 0.5916111111111112 0.024901041666666637 0.04845370370370364
0 0.3899635416666667 0.5868518518518518 0.022880208333333367 0.03262037037037039
0 0.3319114583333333 0.5291203703703704 0.019578124999999957 0.03725000000000002
2 0.365203125 0.6380092592592592 0.023562500000000004 0.047379629629629695
0 0.3449427083333333 0.6091759259259258 0.025015624999999986 0.03576851851851862
2 0.5542343750000001 0.6726203703703704 0.02223958333333324 0.0356759259259259
3 0.5346614583333333 0.37753703703703706 0.021036458333333268 0.038425925925925926
4 0.452328125 0.47717592592592595 0.027864583333333335 0.03361111111111107
4 0.31030729166666665 0.5058055555555555 0.02567708333333331 0.031435185185185226
5 0.4155416666666667 0.6942870370370371 0.02254166666666665 0.046083333333333316
5 0.36490625 0.5828611111111112 0.0238645833333333 0.04202777777777787
0 0.5344427083333334 0.4641388888888889 0.024348958333333334 0.03749074074074075
4 0.5045677083333333 0.4538333333333333 0.023140625000000033 0.03832407407407406
3 0.3793802083333333 0.6777962962962962 0.02201562499999999 0.03989814814814807
0 0.41594270833333336 0.37260185185185185 0.02372395833333331 0.04198148148148151
4 0.37466145833333336 0.5045833333333334 0.024776041666666634 0.043361111111111045
3 0.455296875 0.629 0.02581249999999997 0.035064814814814715
0 0.5291770833333334 0.4277592592592593 0.02564062500000001 0.037694444444444475
2 0.4349739583333333 0.584287037037037 0.02407812500000001 0.03862962962962965
0 0.4245 0.5372037037037036 0.02080729166666669 0.04126851851851846
2 0.45879166666666665 0.44005555555555553 0.028098958333333358 0.037194444444444405
4 0.45846875 0.5842592592592593 0.01803645833333339 0.04180555555555564
0 0.5403177083333334 0.6443518518518518 0.02190624999999997 0.03740740740740749
3 0.431078125 0.455212962962963 0.025661458333333324 0.038981481481481395
2 0.43009375 0.6325648148148147 0.022989583333333386 0.04000925925925929
3 0.33865625 0.6787129629629629 0.027296875000000043 0.03282407407407412
2 0.40667708333333336 0.5641574074074074 0.022312499999999957 0.03918518518518513
4 0.33999479166666663 0.6438703703703703 0.023369791666666608 0.031185185185185243
0 0.44395833333333334 0.512212962962963 0.022203125000000056 0.037425925925925994
2 0.3957239583333333 0.48397222222222225 0.025906250000000006 0.039092592592592616
1 0.4842708333333333 0.4304351851851852 0.021609375000000004 0.038018518518518465
3 0.3575260416666667 0.5411481481481482 0.028140624999999985 0.03663888888888883
3 0.34284375 0.5688796296296296 0.019651041666666678 0.03945370370370361
0 0.349953125 0.4926296296296296 0.022718749999999944 0.05344444444444447
3 0.5443281249999999 0.34491666666666665 0.022489583333333247 0.0378796296296296
3 0.387515625 0.6240462962962964 0.02302083333333336 0.03690740740740731
4 0.39443750000000005 0.6997037037037036 0.01921354166666672 0.03393518518518527
3 0.425390625 0.4910833333333333 0.024562500000000043 0.03198148148148145
5 0.38401562499999997 0.5514444444444444 0.0202760416666667 0.03469444444444447
0 0.49677083333333333 0.5309444444444444 0.020109374999999947 0.03662962962962958
1 0.44616666666666666 0.5513148148148148 0.023067708333333315 0.03483333333333323
2 0.5162604166666667 0.5540648148148148 0.022927083333333324 0.040759259259259245
0 0.548890625 0.4957407407407407 0.02186979166666655 0.03950925925925933