5 0.47996354166666666 0.5085277777777778 0.02429166666666672 0.03374074074074079
5 0.4063072916666667 0.4551388888888889 0.022927083333333324 0.037194444444444405
1 0.34717708333333336 0.43616666666666665 0.023385416666666714 0.04198148148148151
4 0.3553854166666667 0.3722314814814815 0.022812499999999975 0.03957407407407408
4 0.30673437499999995 0.4141944444444444 0.021223958333333334 0.05464814814814813
2 0.47615625 0.5647685185185186 0.021567708333333376 0.04912037037037033
4 0.5248541666666667 0.67375 0.02366145833333325 0.04023148148148152
1 0.4986302083333333 0.41003703703703703 0.02226041666666667 0.04327777777777778
1 0.44015625 0.4088611111111111 0.019666666666666662 0.045342592592592615
0 0.371875 0.4588888888888889 0.027541666666666725 0.04128703703703696
2 0.3026979166666666 0.46537962962962964 0.02247395833333338 0.03651851851851857
5 0.5187708333333333 0.4030185185185185 0.020901041666666724 0.03626851851851848
5 0.4398385416666667 0.6672407407407407 0.029432291666666662 0.03659259259259257
0 0.48126041666666663 0.4690648148148148 0.02548958333333336 0.03730555555555552
1 0.46294270833333334 0.4035925925925926 0.02638020833333338 0.03778703703703699
0 0.41774479166666667 0.4206944444444445 0.02709895833333332 0.038268518518518556
5 0.41592187500000005 0.5976296296296297 0.019166666666666644 0.0386203703703704
0 0.531609375 0.47237037037037033 0.023864583333333418 0.037018518518518534
5 0.40518750000000003 0.5219814814814815 0.021744791666666666 0.035731481481481406
4 0.32957291666666666 0.39525 0.018927083333333292 0.03912962962962962
3 0.4029166666666667 0.6538240740740741 0.02443229166666671 0.04614814814814807
2 0.5127864583333334 0.49525925925925923 0.02169270833333338 0.04087037037037046
4 0.3099270833333333 0.5055555555555555 0.02549479166666669 0.03125
0 0.390109375 0.5865092592592592 0.02291145833333334 0.033101851851851855
0 0.54859375 0.5383425925925925 0.026864583333333296 0.0382777777777777
3 0.32743229166666665 0.457462962962963 0.02439062499999996 0.0525648148148148
4 0.5048385416666666 0.4526296296296296 0.024463541666666682 0.038962962962963
4 0.37463541666666667 0.5046296296296297 0.024526041666666623 0.04312962962962956
5 0.5516562500000001 0.44124074074074077 0.019932291666666657 0.03725000000000002
4 0.451984375 0.4764074074074074 0.02723437499999998 0.0338333333333333
0 0.3319479166666667 0.5289074074074074 0.019265625000000005 0.03738888888888899
3 0.38942187500000003 0.4213796296296296 0.025359375000000028 0.038259259259259305
2 0.5161250000000001 0.553611111111111 0.023953125000000006 0.04015740740740731
0 0.41573958333333333 0.37278703703703703 0.02364583333333338 0.041574074074074055
5 0.3649791666666667 0.5829722222222222 0.02410937499999998 0.04133333333333342
2 0.36533333333333334 0.6373888888888889 0.023562500000000004 0.047999999999999925
0 0.5273489583333333 0.43605555555555553 0.02578125 0.03591666666666663
2 0.43506770833333336 0.5838703703703704 0.02442187500000005 0.0386018518518519
5 0.415796875 0.6940925925925926 0.02248437500000004 0.04632407407407405
2 0.554203125 0.6724629629629629 0.021770833333333427 0.03583333333333338
3 0.3018072916666667 0.5917870370370371 0.02503124999999997 0.04860185185185186
2 0.45763541666666663 0.4387407407407407 0.027182291666666695 0.037731481481481484
3 0.37968229166666667 0.6777500000000001 0.02211979166666668 0.040425925925926004
4 0.45846354166666664 0.5840462962962962 0.01789062499999995 0.042314814814814854
0 0.5495 0.4976851851851852 0.02120833333333323 0.041842592592592646
0 0.496625 0.5307037037037037 0.019942708333333316 0.03622222222222212
0 0.5404531250000001 0.6441944444444445 0.022177083333333295 0.037444444444444495
2 0.4302239583333333 0.632425925925926 0.023177083333333334 0.03997222222222229
3 0.5376927083333333 0.3965740740740741 0.02176041666666677 0.0371203703703704
3 0.43090625 0.4548148148148147 0.02468229166666672 0.03887037037037039
0 0.424375 0.5367962962962963 0.02077083333333339 0.0404074074074075
2 0.39560937500000004 0.48391666666666666 0.026114583333333385 0.03913888888888887
0 0.345140625 0.6088333333333333 0.025192708333333275 0.03574999999999991
3 0.45540625 0.6291944444444444 0.025687499999999967 0.03471296296296297
1 0.48179687499999996 0.4301574074074074 0.02038541666666672 0.03806481481481483
4 0.3400208333333333 0.6435740740740741 0.023177083333333334 0.03122222222222225
2 0.4065052083333333 0.5639351851851852 0.02238020833333335 0.03925925925925934
0 0.44365625000000003 0.5127685185185185 0.022411458333333318 0.037740740740740734
3 0.338859375 0.6785925925925926 0.02733854166666667 0.03314814814814811
3 0.3425625 0.5682777777777778 0.01924479166666669 0.039722222222222305
3 0.387515625 0.6235462962962962 0.023104166666666613 0.036759259259259304
4 0.394796875 0.6998888888888889 0.019234375000000033 0.034018518518518524
3 0.35744791666666664 0.5413333333333333 0.028109375000000013 0.036398148148148096
1 0.4460520833333333 0.551537037037037 0.023520833333333376 0.03562037037037039
5 0.38390104166666666 0.5516666666666666 0.020052083333333335 0.034185185185185256
3 0.4252239583333333 0.49074999999999996 0.02449999999999998 0.0316111111111112
0 0.3498645833333333 0.4923796296296296 0.022703124999999956 0.05255555555555555
3 0.54215625 0.35532407407407407 0.023375000000000055 0.04296296296296294