5 0.48006770833333334 0.5083888888888889 0.024124999999999966 0.033453703703703805
5 0.4063177083333333 0.4550277777777778 0.02290625000000001 0.037083333333333295
1 0.34713541666666664 0.43603703703703706 0.023213541666666632 0.04186111111111115
4 0.30675520833333336 0.4138611111111111 0.02123958333333332 0.054527777777777765
2 0.47634375 0.5647962962962964 0.02159895833333335 0.049055555555555574
4 0.35517187499999997 0.3723518518518518 0.022776041666666677 0.03973148148148145
4 0.5249270833333334 0.6737222222222222 0.02358333333333332 0.04028703703703703
0 0.3718125 0.4588703703703703 0.02744791666666669 0.04115740740740745
1 0.462921875 0.4033888888888889 0.026213541666666628 0.03726851851851852
0 0.48134374999999996 0.46924074074074074 0.025614583333333368 0.03724074074074077
2 0.3026302083333333 0.465537037037037 0.022171874999999966 0.03662037037037033
5 0.43975000000000003 0.6671666666666667 0.029161458333333338 0.03642592592592585
1 0.44026041666666665 0.4087037037037037 0.019859375000000058 0.0455925925925926
3 0.38940625 0.4213796296296296 0.02550000000000002 0.03814814814814819
0 0.41769791666666667 0.4207407407407407 0.026953125 0.038805555555555524
5 0.40520833333333334 0.5220740740740741 0.021890624999999986 0.03598148148148139
0 0.5485989583333333 0.5383518518518519 0.026854166666666637 0.0386203703703704
5 0.41596354166666666 0.5977314814814815 0.018661458333333294 0.03891666666666664
5 0.5187083333333333 0.4026574074074074 0.020578124999999996 0.035953703703703745
4 0.32946875000000003 0.39517592592592593 0.018848958333333363 0.03877777777777777
3 0.32740625 0.45709259259259255 0.02471875000000002 0.05227777777777781
4 0.31015625 0.5056851851851851 0.025458333333333392 0.03113888888888899
4 0.4521354166666667 0.4762129629629629 0.027171875000000036 0.033777777777777795
2 0.5163177083333333 0.553425925925926 0.02408333333333334 0.04030555555555553
2 0.5128802083333334 0.4952314814814815 0.021989583333333347 0.04092592592592597
2 0.36543749999999997 0.6375740740740741 0.02354687500000002 0.048083333333333395
5 0.551390625 0.43989814814814815 0.019588541666666733 0.03645370370370371
4 0.3745833333333334 0.5044351851851852 0.02475520833333332 0.04293518518518508
0 0.3901927083333333 0.5863796296296296 0.022947916666666637 0.03290740740740737
2 0.5543750000000001 0.6726481481481482 0.021932291666666732 0.03560185185185189
0 0.33214583333333336 0.5289444444444444 0.019437499999999965 0.03739814814814824
2 0.43545833333333334 0.5840092592592593 0.02460416666666667 0.03890740740740739
0 0.5318385416666666 0.47220370370370374 0.023817708333333344 0.03680555555555556
3 0.4031875 0.65425 0.02440624999999995 0.04659259259259253
5 0.3651510416666667 0.5828796296296296 0.02378645833333337 0.04148148148148144
0 0.3499166666666667 0.49249074074074073 0.02255729166666664 0.052342592592592566
4 0.504703125 0.4524074074074074 0.02407291666666668 0.03884259259259264
2 0.4575416666666667 0.4386388888888889 0.02762499999999998 0.037620370370370367
5 0.4157083333333333 0.6941851851851852 0.022385416666666675 0.04598148148148156
3 0.537265625 0.3958425925925926 0.02077083333333339 0.03874074074074077
4 0.4586979166666667 0.5841944444444443 0.01782812500000001 0.04183333333333339
0 0.4157604166666667 0.3726851851851852 0.023526041666666705 0.04189814814814815
3 0.30197916666666663 0.5917314814814816 0.025098958333333362 0.048083333333333395
0 0.3450520833333333 0.6086666666666667 0.02514062499999999 0.03562962962962964
3 0.379703125 0.6777685185185185 0.022265625 0.039629629629629584
0 0.5494791666666666 0.4977129629629629 0.0211666666666666 0.041842592592592646
0 0.5403489583333333 0.6441666666666667 0.022083333333333382 0.03725000000000002
2 0.4304479166666667 0.6326296296296297 0.023177083333333334 0.03992592592592582
1 0.48174479166666667 0.4298796296296296 0.020541666666666694 0.03779629629629634
0 0.5274739583333333 0.4358240740740741 0.025744791666666583 0.03552777777777778
3 0.455453125 0.6291018518518519 0.02540104166666666 0.03478703703703698
3 0.4309791666666667 0.45460185185185187 0.02443229166666671 0.03926851851851859
2 0.39570833333333333 0.4837037037037037 0.026156250000000013 0.03950000000000008
3 0.35761458333333335 0.5411203703703703 0.02791666666666662 0.03642592592592585
2 0.406828125 0.564037037037037 0.02245312499999995 0.03998148148148154
0 0.44367708333333333 0.5127222222222222 0.022625000000000027 0.03664814814814808
3 0.338828125 0.6783055555555556 0.027265624999999953 0.033101851851851855
4 0.34006770833333333 0.643712962962963 0.023281250000000024 0.031324074074074004
0 0.4246770833333333 0.5371296296296296 0.02073437499999997 0.04113888888888895
3 0.34288541666666666 0.568574074074074 0.019026041666666653 0.0392870370370371
3 0.3876614583333333 0.6238055555555556 0.023213541666666632 0.036722222222222295
0 0.4967916666666667 0.5308888888888889 0.01967708333333332 0.03653703703703707
4 0.39480729166666667 0.6999537037037038 0.01896354166666671 0.03359259259259257
3 0.42548958333333337 0.4908240740740741 0.024552083333333384 0.031194444444444493
1 0.446171875 0.551037037037037 0.0234739583333333 0.03438888888888898
5 0.3842708333333333 0.5514351851851852 0.020078124999999978 0.0338703703703703
1 0.49935416666666665 0.4104537037037037 0.022171874999999966 0.04284259259259258