0 0.4154791666666667 0.37321296296296297 0.02379687500000003 0.04062962962962963
0 0.417203125 0.42191666666666666 0.028489583333333356 0.037851851851851845
0 0.5272552083333334 0.43472222222222223 0.025046874999999958 0.03674074074074069
0 0.531015625 0.47173148148148153 0.02379687500000003 0.03617592592592587
0 0.5494895833333333 0.4976203703703703 0.02191666666666663 0.043416666666666756
0 0.548703125 0.5374166666666667 0.025989583333333382 0.03617592592592587
0 0.4433489583333333 0.5123703703703704 0.023171875000000005 0.035064814814814715
0 0.424875 0.5376944444444445 0.0206666666666667 0.04007407407407405
0 0.37102083333333336 0.46087962962962964 0.02755208333333338 0.04119444444444445
0 0.35019791666666666 0.49233333333333335 0.0222291666666667 0.05399074074074069
0 0.33251041666666664 0.5282314814814815 0.018161458333333276 0.03562037037037039
0 0.3907447916666667 0.5886203703703704 0.02254166666666665 0.03284259259259262
0 0.3451927083333333 0.6089444444444444 0.025359375000000028 0.0367407407407408
0 0.4964166666666667 0.5310185185185186 0.019723958333333277 0.03562037037037039
0 0.481390625 0.4708981481481482 0.02410937499999998 0.03450925925925924
0 0.5397812500000001 0.6451203703703704 0.02191666666666663 0.037851851851851956
4 0.30573958333333334 0.4146851851851852 0.023484374999999957 0.052324074074074065
4 0.34331249999999996 0.4016018518518519 0.020979166666666653 0.03061111111111106
4 0.37461979166666665 0.5040185185185185 0.02410937499999998 0.04397222222222223
4 0.3098125 0.5045740740740742 0.025359375000000028 0.031731481481481465
4 0.4524270833333333 0.476462962962963 0.026302083333333334 0.03339814814814809
4 0.5044010416666667 0.45337037037037037 0.023171875000000005 0.04062962962962963
4 0.45837500000000003 0.5850092592592592 0.017531250000000043 0.04119444444444445
4 0.5250677083333334 0.6737870370370371 0.023171875000000005 0.03951851851851858
4 0.3948177083333333 0.7002314814814815 0.019411458333333322 0.03562037037037039
4 0.34018229166666664 0.6453981481481481 0.022854166666666724 0.03284259259259262
3 0.32765625000000004 0.4567037037037037 0.022854166666666724 0.051768518518518596
3 0.38933854166666665 0.4210833333333333 0.02410937499999998 0.03284259259259262
3 0.5374322916666666 0.3949259259259259 0.02097916666666677 0.03617592592592597
3 0.4305104166666667 0.45614814814814814 0.02254166666666665 0.03951851851851858
3 0.42596875 0.4914907407407407 0.022854166666666724 0.02672222222222213
3 0.30104166666666665 0.5914074074074074 0.024734375000000006 0.048425925925925886
3 0.34221874999999996 0.56775 0.019411458333333322 0.038962962962962894
3 0.35755729166666667 0.5427037037037037 0.02692708333333336 0.03562037037037039
3 0.3874583333333333 0.6234166666666666 0.023484374999999957 0.03450925925925924
3 0.4554010416666667 0.6289814814814815 0.023484374999999957 0.031166666666666742
3 0.40264583333333337 0.6548611111111111 0.02442187500000005 0.04397222222222223
3 0.37947395833333336 0.6774074074074075 0.0206666666666667 0.037851851851851956
3 0.33861458333333333 0.6776851851851852 0.026614583333333285 0.03284259259259262
1 0.3492604166666667 0.4391759259259259 0.021604166666666678 0.04119444444444445
1 0.44021875 0.4105092592592593 0.018161458333333276 0.046203703703703684
1 0.46322916666666664 0.402712962962963 0.025359375000000028 0.03729629629629627
1 0.48154687500000004 0.43110185185185185 0.021291666666666723 0.039518518518518474
1 0.49892187499999996 0.410787037037037 0.022854166666666724 0.044527777777777805
1 0.44553645833333333 0.5507777777777778 0.02379687500000003 0.03729629629629627
2 0.5130104166666667 0.4945555555555556 0.0222291666666667 0.041749999999999926
2 0.45696875 0.4397314814814815 0.028489583333333356 0.037851851851851845
2 0.3949739583333333 0.4848148148148148 0.02723958333333331 0.038962962962962894
2 0.302765625 0.46644444444444444 0.02191666666666663 0.0367407407407408
2 0.47638020833333333 0.5646944444444445 0.019723958333333277 0.048425925925925886
2 0.5166145833333333 0.5538333333333333 0.02254166666666665 0.04007407407407405
2 0.43520833333333336 0.5827777777777777 0.02567187499999998 0.037851851851851956
2 0.4065572916666667 0.5632962962962963 0.022854166666666724 0.038962962962962894
2 0.36538541666666663 0.6378888888888888 0.023171875000000005 0.0445277777777777
2 0.43035416666666665 0.6317592592592592 0.022854166666666724 0.0367407407407408
2 0.5535572916666667 0.6721203703703703 0.021291666666666723 0.03617592592592587
5 0.5184895833333333 0.40326851851851847 0.019411458333333322 0.033953703703703667
5 0.5507395833333334 0.43945370370370374 0.019411458333333322 0.03729629629629627
5 0.4065572916666667 0.45614814814814814 0.023484374999999957 0.038407407407407425
5 0.48013541666666665 0.5073611111111112 0.024734375000000006 0.03284259259259262
5 0.40452083333333333 0.5229444444444444 0.02254166666666665 0.03617592592592587
5 0.384171875 0.553 0.0206666666666667 0.035064814814814715
5 0.3639791666666667 0.5827777777777777 0.022854166666666724 0.04007407407407405
5 0.415796875 0.5964166666666667 0.017531250000000043 0.03729629629629627
5 0.440375 0.669611111111111 0.027864583333333335 0.03450925925925924
5 0.4150104166666667 0.6924351851851852 0.0203489583333333 0.04787037037037041