1 0.45881249999999996 0.39560185185185187 0.02130208333333338 0.045222222222222254
4 0.4996875 0.44472222222222224 0.023515625000000047 0.04177777777777778
1 0.43779166666666663 0.3896111111111111 0.020182291666666668 0.04505555555555553
4 0.30634895833333337 0.4141388888888889 0.023458333333333314 0.05225925925925931
5 0.4038645833333333 0.4536851851851852 0.02085416666666665 0.03890740740740739
4 0.5249427083333333 0.6736018518518518 0.023822916666666673 0.04039814814814825
5 0.5495468750000001 0.4557962962962963 0.019578125000000075 0.03646296296296296
2 0.302609375 0.4654351851851852 0.02227083333333333 0.035944444444444494
2 0.4766458333333333 0.5649166666666667 0.025578124999999948 0.0423055555555556
5 0.40534375 0.5223333333333333 0.022578124999999952 0.03632407407407409
5 0.4398229166666667 0.6671851851851851 0.02929166666666667 0.03632407407407409
3 0.38948958333333333 0.41724074074074075 0.02385416666666664 0.04037962962962964
0 0.37166145833333336 0.459287037037037 0.026895833333333386 0.04212962962962963
5 0.41604166666666664 0.5978796296296297 0.018864583333333348 0.038731481481481415
3 0.32798958333333333 0.4574259259259259 0.02357812499999999 0.05277777777777778
0 0.4174375 0.41807407407407404 0.02603645833333334 0.03963888888888884
4 0.45178124999999997 0.47750000000000004 0.027604166666666666 0.03479629629629623
4 0.30994270833333337 0.50575 0.025619791666666693 0.031185185185185243
0 0.5486927083333334 0.5380833333333334 0.026843749999999982 0.03859259259259265
2 0.511875 0.49592592592592594 0.021614583333333333 0.04027777777777778
5 0.36498437499999997 0.5826481481481481 0.023531250000000035 0.04113888888888895
2 0.5545989583333333 0.6725277777777778 0.022312500000000075 0.03587037037037038
4 0.45872395833333335 0.5860555555555556 0.018067708333333363 0.04117592592592595
0 0.3901614583333333 0.5862037037037037 0.023203124999999977 0.034194444444444506
0 0.52971875 0.4728425925925926 0.024312499999999914 0.03477777777777783
2 0.4350625 0.584287037037037 0.024588541666666686 0.038398148148148174
0 0.3451875 0.6084999999999999 0.02497395833333336 0.03600925925925935
0 0.332 0.5290092592592593 0.019265625000000005 0.03697222222222228
5 0.4156875 0.694037037037037 0.0226197916666667 0.04624074074074079
1 0.3488489583333333 0.4399444444444444 0.022645833333333344 0.04217592592592588
3 0.4031822916666667 0.6539074074074074 0.024520833333333294 0.04580555555555558
2 0.36538541666666663 0.637712962962963 0.023390625000000043 0.048740740740740834
4 0.37379687500000003 0.5066666666666667 0.024562500000000043 0.043379629629629546
5 0.47727083333333337 0.5226944444444445 0.024036458333333382 0.036064814814814855
0 0.49872395833333333 0.5279444444444444 0.01918229166666663 0.038805555555555635
0 0.48340625 0.48474074074074075 0.025885416666666692 0.03561111111111114
3 0.30185416666666665 0.5911296296296296 0.02510937500000002 0.04856481481481486
2 0.447765625 0.4369722222222222 0.02344270833333333 0.042629629629629594
4 0.3438177083333333 0.40149074074074076 0.02183333333333337 0.032962962962962986
3 0.42621875000000004 0.4622685185185185 0.02329166666666668 0.04387037037037047
3 0.3796875 0.6778611111111111 0.022171874999999966 0.04000000000000004
0 0.5277447916666667 0.4361296296296296 0.026385416666666592 0.03533333333333331
0 0.548015625 0.4968796296296296 0.021656249999999964 0.04348148148148152
0 0.415796875 0.3725185185185185 0.022750000000000034 0.042629629629629594
0 0.4242447916666666 0.5363888888888888 0.02042708333333335 0.04193518518518515
0 0.5405260416666666 0.6441203703703704 0.02216145833333343 0.0375
2 0.40675 0.563962962962963 0.022328124999999942 0.03919444444444438
3 0.35764583333333333 0.5412592592592592 0.0281614583333333 0.03625000000000008
2 0.394125 0.48523148148148143 0.025239583333333353 0.03798148148148146
4 0.34017708333333335 0.643537037037037 0.023312499999999996 0.03129629629629625
0 0.44380729166666666 0.5141759259259259 0.022395833333333334 0.03700925925925928
1 0.446109375 0.5535185185185185 0.023562500000000004 0.03681481481481481
3 0.4553333333333333 0.6291296296296297 0.0253541666666667 0.03479629629629623
3 0.3876458333333333 0.6240092592592592 0.023359374999999953 0.0364166666666666
4 0.3948385416666667 0.6997685185185185 0.01899479166666668 0.0338518518518518
3 0.3426927083333334 0.5685092592592592 0.019192708333333287 0.03893518518518514
3 0.3388333333333333 0.678425925925926 0.027265624999999953 0.03298148148148138
3 0.4244895833333333 0.4985555555555556 0.02333854166666664 0.028388888888888963
0 0.3494895833333333 0.4921574074074074 0.022255208333333342 0.053953703703703684
5 0.38388541666666665 0.551462962962963 0.020260416666666715 0.034361111111111016
1 0.4821770833333333 0.4171666666666667 0.01967187499999999 0.04530555555555551
1 0.46879166666666666 0.45069444444444445 0.023635416666666725 0.037898148148148104
2 0.4296302083333333 0.6331944444444445 0.023171875000000005 0.040370370370370286
2 0.5165260416666667 0.5540925925925926 0.02548958333333336 0.04201851851851862