1 0.45877083333333335 0.39555555555555555 0.021031250000000057 0.045518518518518486
4 0.49972395833333333 0.44460185185185186 0.023364583333333282 0.04186111111111115
1 0.34917187499999996 0.46252777777777776 0.022817708333333304 0.0411666666666667
4 0.525046875 0.6739537037037037 0.023458333333333314 0.040370370370370286
3 0.3895416666666666 0.41681481481481486 0.02353645833333336 0.04034259259259264
3 0.32553645833333333 0.47027777777777774 0.0234010416666667 0.05457407407407412
1 0.4375625 0.38946296296296296 0.02024479166666661 0.04500925925925927
5 0.403890625 0.45302777777777775 0.02084374999999999 0.0393240740740741
2 0.306765625 0.43755555555555553 0.023557291666666678 0.03334259259259258
2 0.4765989583333334 0.5649351851851852 0.02559895833333338 0.041787037037037136
3 0.40308854166666663 0.6539074074074074 0.02453645833333328 0.04650000000000003
4 0.4516458333333333 0.47736111111111107 0.027583333333333352 0.034407407407407484
5 0.4398958333333333 0.66725 0.02939583333333336 0.03682407407407406
5 0.549453125 0.4555648148148148 0.019463541666666608 0.03649999999999996
3 0.30196875 0.5911203703703704 0.025062499999999942 0.04881481481481484
5 0.4056302083333333 0.5227777777777778 0.022625000000000027 0.03621296296296287
4 0.28703645833333336 0.4684259259259259 0.01964583333333335 0.04562037037037035
4 0.374078125 0.5078981481481482 0.024567708333333372 0.044361111111111184
0 0.5486354166666667 0.5377314814814815 0.02680208333333335 0.0385833333333334
0 0.4175520833333334 0.4179907407407408 0.026781250000000038 0.0396666666666667
5 0.3644322916666667 0.5853981481481482 0.023822916666666673 0.04136111111111118
2 0.36545833333333333 0.6378333333333334 0.023703124999999995 0.04754629629629621
0 0.5296093749999999 0.4726018518518519 0.024598958333333344 0.035953703703703745
0 0.3903385416666667 0.5865648148148148 0.022739583333333376 0.03360185185185182
5 0.4160729166666667 0.5979629629629629 0.019119791666666684 0.03917592592592588
0 0.34422916666666664 0.6086759259259259 0.024739583333333332 0.03590740740740738
3 0.379734375 0.6778333333333333 0.02215624999999998 0.03950925925925933
0 0.373 0.4593888888888889 0.02486458333333334 0.0452314814814814
0 0.49879166666666663 0.5279074074074074 0.019458333333333282 0.039083333333333366
4 0.45884895833333333 0.5859722222222222 0.01821875000000001 0.04061111111111102
2 0.55446875 0.6725833333333333 0.021822916666666713 0.03576851851851862
2 0.4352239583333333 0.58425 0.02449479166666665 0.03828703703703695
5 0.41571354166666663 0.6939814814814815 0.022645833333333344 0.046462962962963025
0 0.483375 0.4841018518518519 0.02564062500000001 0.035296296296296194
0 0.5479947916666668 0.49639814814814814 0.021531250000000075 0.04365740740740749
2 0.5168489583333333 0.5541851851851851 0.024374999999999977 0.03994444444444454
3 0.35776041666666664 0.5414907407407407 0.026203124999999973 0.040759259259259245
0 0.527640625 0.43586111111111114 0.026536458333333356 0.03490740740740745
2 0.43040104166666665 0.632287037037037 0.023265625000000036 0.04019444444444452
3 0.4260677083333333 0.46194444444444444 0.023510416666666718 0.044046296296296236
0 0.4155052083333333 0.37207407407407406 0.022781250000000006 0.04219444444444449
3 0.34213020833333335 0.5683518518518519 0.018484375000000004 0.03981481481481482
0 0.34503125 0.5008055555555556 0.031765625000000006 0.038805555555555635
4 0.34055208333333337 0.6438611111111111 0.022812499999999975 0.031731481481481465
2 0.4476510416666667 0.4368518518518519 0.022984375000000057 0.04250925925925923
0 0.32348958333333333 0.5248611111111111 0.022739583333333376 0.033101851851851855
0 0.5404635416666667 0.6442129629629629 0.022104166666666696 0.0375555555555555
0 0.42435416666666664 0.5373703703703704 0.02059374999999998 0.042009259259259156
2 0.40700000000000003 0.5639537037037038 0.022317708333333287 0.03945370370370361
1 0.44635416666666666 0.5527592592592593 0.02368229166666668 0.036351851851851844
2 0.39473437499999997 0.4854074074074074 0.025557291666666634 0.03790740740740746
2 0.512 0.49575925925925923 0.022078125000000053 0.040759259259259245
3 0.42434375 0.4985 0.02307812499999997 0.02963888888888888
0 0.44358854166666667 0.5138611111111111 0.022307291666666628 0.03698148148148153
3 0.45547916666666666 0.6290370370370371 0.02570312499999995 0.0349537037037037
4 0.3948177083333333 0.6998796296296297 0.01921354166666672 0.03391666666666677
4 0.3276510416666667 0.24989814814814815 0.023375000000000055 0.03328703703703708
3 0.3876666666666667 0.6238148148148148 0.023166666666666676 0.03654629629629632
5 0.4772239583333333 0.5224629629629629 0.024260416666666628 0.035731481481481406
3 0.338984375 0.6788518518518518 0.027671875000000058 0.03257407407407413
5 0.383984375 0.5511481481481482 0.020557291666666682 0.034425925925925985
1 0.482640625 0.4178425925925926 0.021333333333333353 0.044694444444444426
1 0.4691197916666667 0.45136111111111116 0.02247395833333338 0.03318518518518521