5 0.41664062500000004 0.6121203703703704 0.02227083333333333 0.03996296296296304
1 0.5133385416666667 0.39294444444444443 0.02048437499999996 0.04661111111111114
1 0.478578125 0.4091851851851852 0.022515625000000008 0.04363888888888889
2 0.5313020833333334 0.5673611111111111 0.024734375000000006 0.037018518518518534
5 0.47784375 0.5300648148148148 0.02355208333333335 0.033064814814814845
5 0.550015625 0.45225925925925925 0.020093749999999962 0.03752777777777775
2 0.3069635416666667 0.4378240740740741 0.02332291666666665 0.033768518518518545
4 0.5250260416666667 0.674138888888889 0.023541666666666572 0.040361111111111035
1 0.349296875 0.4669259259259259 0.022927083333333324 0.0430092592592593
3 0.4029010416666667 0.6542037037037036 0.024369791666666647 0.047453703703703706
5 0.4086458333333333 0.47520370370370374 0.02468229166666672 0.03723148148148152
3 0.3248697916666667 0.46971296296296294 0.02539583333333333 0.05042592592592596
5 0.44024479166666663 0.6734537037037037 0.028046874999999954 0.03760185185185176
4 0.45854687499999996 0.4828055555555555 0.023911458333333375 0.04191666666666665
5 0.3638385416666667 0.5882314814814814 0.023703124999999995 0.04092592592592597
3 0.3019375 0.5915185185185186 0.025151041666666648 0.048333333333333374
0 0.5488697916666666 0.5378518518518518 0.026572916666666658 0.03835185185185192
4 0.2872760416666667 0.46864814814814815 0.019802083333333324 0.045416666666666626
1 0.4825885416666667 0.46040740740740743 0.021671874999999948 0.04050925925925926
2 0.36514583333333334 0.6377222222222222 0.02379687500000003 0.04853703703703711
3 0.4353854166666667 0.4761759259259259 0.024781249999999963 0.04232407407407411
2 0.47689583333333335 0.5665370370370371 0.02809375000000003 0.03992592592592582
5 0.4156197916666667 0.6941296296296297 0.02236458333333336 0.04644444444444452
0 0.37446875 0.4613888888888889 0.026156250000000013 0.04547222222222223
2 0.5544114583333334 0.6725092592592592 0.022067708333333276 0.03545370370370367
4 0.45863020833333334 0.5926574074074075 0.01864583333333331 0.039064814814814865
3 0.3794791666666667 0.6780185185185185 0.02190104166666664 0.04022222222222227
0 0.48995312500000004 0.49828703703703703 0.026109375000000056 0.03983333333333332
2 0.43513541666666666 0.584287037037037 0.02432812500000002 0.03956481481481483
4 0.37116666666666664 0.5131203703703703 0.024671874999999944 0.0456111111111111
0 0.392765625 0.40502777777777776 0.02666666666666669 0.03696296296296293
4 0.5056927083333334 0.4533611111111111 0.02390104166666672 0.040870370370370356
0 0.3438541666666667 0.6089537037037037 0.02407812500000001 0.0356759259259259
0 0.5483645833333333 0.4971574074074074 0.02223437500000003 0.042740740740740815
1 0.448359375 0.5551018518518518 0.024244791666666644 0.03633333333333334
0 0.3431927083333333 0.5037592592592592 0.03124479166666667 0.03921296296296288
3 0.35592708333333334 0.5445740740740741 0.02559895833333338 0.04050000000000001
0 0.5315052083333334 0.47074074074074074 0.023708333333333324 0.035722222222222155
0 0.38984895833333333 0.5869537037037037 0.0214479166666667 0.033472222222222306
3 0.34045312499999997 0.5691851851851852 0.018869791666666677 0.04009259259259255
2 0.39315625 0.4993703703703704 0.02315625000000002 0.045657407407407355
0 0.5050104166666667 0.5325185185185185 0.021505208333333314 0.036796296296296306
0 0.5404479166666667 0.6445092592592593 0.021968749999999915 0.03738888888888899
0 0.32371875 0.5289074074074074 0.021671874999999948 0.03363888888888882
0 0.44209895833333335 0.5182962962962963 0.02205729166666662 0.037027777777777784
3 0.455484375 0.6302314814814814 0.02286979166666671 0.03861111111111115
0 0.5292239583333334 0.43425925925925923 0.026093749999999954 0.03441666666666663
3 0.33888541666666666 0.6789537037037037 0.027541666666666725 0.033129629629629606
2 0.43302604166666664 0.6346944444444444 0.02300520833333337 0.04531481481481486
4 0.34019791666666666 0.6441944444444445 0.023161458333333346 0.03136111111111101
3 0.42159375000000004 0.5053148148148148 0.024531249999999952 0.029953703703703618
5 0.38306250000000003 0.5519999999999999 0.0202760416666667 0.03469444444444447
0 0.4250989583333334 0.5426944444444445 0.019270833333333334 0.03859259259259265
2 0.5142864583333333 0.4980277777777778 0.020755208333333285 0.04175925925925918
4 0.394875 0.7000277777777778 0.01895833333333338 0.03400000000000002
5 0.40353125 0.5362685185185185 0.02236458333333336 0.03740740740740749
3 0.38749479166666667 0.6243333333333333 0.02308854166666663 0.03716666666666676
1 0.4326302083333333 0.38939814814814816 0.021442708333333373 0.045333333333333364
2 0.41048958333333335 0.5747314814814816 0.023494791666666615 0.03993518518518529