5 0.416828125 0.6121296296296297 0.02162499999999999 0.03987962962962957
5 0.4033125 0.5360648148148148 0.022005208333333335 0.03652777777777782
2 0.306875 0.4379074074074074 0.023505208333333392 0.03409259259259264
5 0.47784375 0.5301111111111111 0.023838541666666657 0.032805555555555616
2 0.5311666666666667 0.567462962962963 0.024885416666666653 0.037083333333333295
4 0.5251302083333333 0.6738703703703703 0.0234375 0.04018518518518527
5 0.4085729166666667 0.47520370370370374 0.024374999999999977 0.03729629629629627
1 0.5131510416666667 0.39293518518518517 0.020671875000000027 0.04651851851851853
5 0.5498802083333333 0.45225 0.020156249999999907 0.03722222222222227
3 0.324890625 0.4695462962962963 0.025468750000000047 0.05061111111111119
4 0.45841666666666664 0.4829814814814815 0.023843749999999986 0.041999999999999905
1 0.47848958333333336 0.40940740740740744 0.022593750000000058 0.04420370370370371
5 0.4404427083333333 0.673462962962963 0.028010416666666652 0.03777777777777774
1 0.3495989583333333 0.4663055555555556 0.02276562500000002 0.04258333333333334
5 0.363859375 0.5879907407407408 0.023770833333333387 0.040712962962962986
0 0.548765625 0.537712962962963 0.02645312499999998 0.03812962962962969
1 0.48249479166666664 0.46092592592592596 0.021828125000000042 0.04065740740740738
4 0.2870885416666667 0.46872222222222226 0.019583333333333286 0.04562037037037035
3 0.3019114583333333 0.5913981481481482 0.025166666666666632 0.04854629629629636
3 0.40308854166666663 0.654 0.02439062499999996 0.04626851851851854
3 0.4353802083333333 0.47645370370370377 0.024901041666666637 0.042500000000000086
0 0.3739166666666666 0.4606759259259259 0.02485937500000001 0.04693518518518523
0 0.3974739583333333 0.4106296296296296 0.024942708333333386 0.042379629629629614
4 0.45876041666666667 0.5925092592592592 0.018619791666666666 0.038425925925925926
2 0.47671874999999997 0.5667129629629629 0.028145833333333314 0.03920370370370363
2 0.3652916666666667 0.6376759259259259 0.02358333333333332 0.0492962962962963
2 0.5544375 0.6725925925925925 0.022078124999999935 0.03590740740740738
5 0.4158489583333333 0.6940462962962963 0.022744791666666705 0.04612962962962957
0 0.4897916666666667 0.498462962962963 0.026119791666666715 0.038814814814814885
4 0.5055364583333334 0.4535462962962963 0.02396354166666666 0.04062962962962963
4 0.37109895833333334 0.5126574074074074 0.024458333333333353 0.04504629629629638
2 0.4105625 0.5747685185185185 0.023166666666666676 0.03989814814814807
0 0.34309375000000003 0.5036574074074075 0.03148437500000002 0.038731481481481415
0 0.5050520833333334 0.5323055555555556 0.021317708333333366 0.03750925925925925
3 0.37972395833333333 0.677962962962963 0.022218750000000044 0.04007407407407405
5 0.38308333333333333 0.5520648148148148 0.0202760416666667 0.03512037037037043
2 0.43519270833333334 0.5841018518518519 0.024453125000000023 0.03892592592592589
0 0.529109375 0.4342222222222222 0.026265625000000032 0.03439814814814813
1 0.44835416666666666 0.5545462962962963 0.024489583333333325 0.035407407407407415
0 0.5484114583333334 0.49697222222222226 0.02198958333333323 0.042712962962963064
0 0.34398958333333335 0.6087870370370371 0.024302083333333377 0.035388888888888914
0 0.5405989583333334 0.6444814814814814 0.021880208333333446 0.037083333333333295
0 0.38979166666666665 0.5871851851851851 0.021333333333333353 0.03286111111111112
2 0.39299999999999996 0.49953703703703706 0.022640625000000015 0.04418518518518521
0 0.53109375 0.47058333333333335 0.02365104166666659 0.03629629629629634
3 0.35597395833333334 0.5446944444444445 0.025333333333333385 0.04025000000000002
0 0.32342708333333337 0.528962962962963 0.021614583333333333 0.033453703703703805
3 0.3404375 0.5690740740740741 0.018666666666666623 0.03964814814814809
0 0.4420364583333333 0.5182407407407408 0.02238020833333335 0.03632407407407409
2 0.5142708333333333 0.4981203703703704 0.020989583333333308 0.04175925925925918
4 0.340328125 0.6439907407407407 0.022885416666666696 0.031000000000000017
3 0.3389583333333333 0.6787777777777778 0.02720312500000001 0.03276851851851861
3 0.42141666666666666 0.5053796296296296 0.024463541666666682 0.029657407407407382
2 0.4331302083333333 0.6350462962962963 0.022776041666666677 0.04406481481481474
0 0.4249375 0.5427222222222222 0.019151041666666656 0.03888888888888889
4 0.39490625 0.7000648148148149 0.018916666666666634 0.03371296296296304
3 0.38759374999999996 0.6239629629629629 0.023026041666666684 0.036462962962963065
3 0.45550520833333336 0.63025 0.022666666666666658 0.03879629629629638