5 0.40340624999999997 0.5363240740740741 0.022145833333333323 0.0371388888888888
5 0.416734375 0.6123333333333334 0.022041666666666633 0.04032407407407403
2 0.30686979166666667 0.43765740740740744 0.02365104166666671 0.0338333333333333
1 0.5128541666666666 0.3930740740740741 0.027312500000000028 0.03501851851851857
5 0.40855729166666666 0.4750185185185185 0.02442187500000005 0.036731481481481545
3 0.32475 0.46939814814814806 0.025463541666666718 0.050685185185185194
1 0.49366145833333336 0.4231111111111111 0.021755208333333324 0.04175000000000003
2 0.5312083333333333 0.5676574074074074 0.024895833333333308 0.03663888888888883
4 0.5249166666666667 0.6739907407407407 0.023520833333333376 0.04024074074074077
3 0.435328125 0.47618518518518516 0.024776041666666634 0.042805555555555576
1 0.34943749999999996 0.4661574074074074 0.02258333333333328 0.0429907407407407
4 0.45825 0.482787037037037 0.02433333333333335 0.041425925925925935
5 0.440375 0.6733518518518519 0.02805208333333328 0.037861111111111206
5 0.363734375 0.5881851851851851 0.023598958333333305 0.04055555555555551
5 0.47727083333333337 0.5304351851851852 0.024276041666666616 0.03293518518518512
1 0.48134374999999996 0.46162037037037046 0.02353645833333336 0.03984259259259257
4 0.28703645833333336 0.4685092592592593 0.01967708333333332 0.04512962962962964
3 0.301875 0.5917777777777777 0.025098958333333362 0.048361111111111126
3 0.40311458333333333 0.6544722222222222 0.024359374999999992 0.04717592592592597
5 0.5516197916666666 0.4571944444444444 0.019822916666666638 0.035425925925925916
0 0.4886666666666667 0.49867592592592597 0.025484375000000035 0.03795370370370371
5 0.415671875 0.6941388888888889 0.02247916666666671 0.046064814814814815
0 0.548828125 0.5385277777777778 0.026833333333333324 0.03770370370370373
3 0.3795677083333333 0.6780833333333334 0.022213541666666715 0.040018518518518544
2 0.554625 0.6727037037037037 0.02222395833333337 0.03585185185185188
4 0.45863020833333334 0.5925185185185184 0.018276041666666624 0.03900925925925936
0 0.3738489583333333 0.46044444444444443 0.02495312500000004 0.04755555555555546
0 0.5052239583333333 0.5333888888888888 0.021718750000000023 0.03652777777777782
0 0.5358489583333333 0.43439814814814814 0.024578125000000027 0.03824999999999995
2 0.476609375 0.5666111111111112 0.02872395833333338 0.03862962962962965
2 0.36528645833333334 0.6375925925925926 0.023661458333333368 0.04878703703703709
4 0.3710104166666667 0.5129907407407407 0.02451041666666664 0.04461111111111117
0 0.3430520833333333 0.5037314814814815 0.03146354166666671 0.038731481481481415
4 0.5081458333333333 0.45243518518518516 0.02385416666666664 0.04024074074074077
2 0.43527083333333333 0.5841388888888889 0.024458333333333353 0.03910185185185187
1 0.44823958333333336 0.5548981481481481 0.024635416666666642 0.03619444444444437
0 0.3438333333333333 0.6089166666666667 0.023916666666666704 0.035712962962962905
2 0.41044791666666663 0.5746388888888889 0.022859375000000053 0.03989814814814807
0 0.38976041666666666 0.5867407407407407 0.02147916666666667 0.03331481481481483
3 0.356140625 0.5446481481481482 0.025791666666666657 0.040435185185185255
0 0.5488958333333334 0.49850925925925926 0.021947916666666602 0.04236111111111111
2 0.392890625 0.49919444444444444 0.022755208333333363 0.04408333333333324
0 0.4419635416666667 0.5182222222222221 0.022177083333333295 0.037037037037037035
0 0.5404895833333333 0.6446388888888889 0.021864583333333344 0.03716666666666676
3 0.42153645833333336 0.5053703703703704 0.02450520833333331 0.029768518518518604
3 0.34044270833333334 0.569324074074074 0.018880208333333332 0.04000925925925929
0 0.3233802083333333 0.529 0.021869791666666673 0.03355555555555556
4 0.34028125000000004 0.6444444444444445 0.023041666666666672 0.031111111111111027
0 0.5313541666666667 0.4731203703703704 0.024223958333333448 0.034759259259259226
3 0.3389166666666667 0.679037037037037 0.027364583333333314 0.033101851851851855
0 0.42498958333333337 0.5426666666666667 0.019026041666666653 0.038722222222222165
2 0.43313541666666666 0.6351944444444444 0.022989583333333386 0.045083333333333385
4 0.3949166666666667 0.7002222222222222 0.018927083333333292 0.03370370370370379
3 0.45551562500000004 0.630287037037037 0.02290625000000001 0.038435185185185176
2 0.5134583333333333 0.4981574074074074 0.02048437499999996 0.040685185185185234
5 0.3830208333333333 0.5521388888888888 0.020093749999999962 0.03480555555555548
3 0.3875677083333333 0.6243888888888889 0.02300000000000004 0.03690740740740731