3 0.32677604166666663 0.4464259259259259 0.028359375000000023 0.04955555555555554
1 0.5127916666666666 0.39325 0.027312500000000028 0.0349722222222222
2 0.5311458333333333 0.5674722222222223 0.02471354166666657 0.03654629629629632
5 0.40842708333333333 0.4758148148148148 0.02518229166666662 0.036675925925925834
4 0.5251041666666667 0.6739814814814815 0.023489583333333286 0.04020370370370377
5 0.36699479166666665 0.5897037037037037 0.02329166666666668 0.04195370370370365
5 0.47725 0.5304629629629629 0.02415104166666661 0.032379629629629654
4 0.458296875 0.48286111111111113 0.023770833333333387 0.041416666666666685
3 0.40286979166666664 0.6525000000000001 0.024552083333333384 0.046472222222222276
3 0.301953125 0.5913703703703703 0.024692708333333376 0.048407407407407385
1 0.4813125 0.4618888888888888 0.023557291666666678 0.0393055555555556
5 0.4043333333333334 0.533537037037037 0.02148958333333333 0.038305555555555454
5 0.4403020833333333 0.6733981481481481 0.02841666666666664 0.03793518518518521
3 0.38033333333333336 0.678287037037037 0.022031249999999978 0.03901851851851861
1 0.35218750000000004 0.4593148148148148 0.02245312499999995 0.043046296296296305
3 0.43540625 0.47618518518518516 0.024557291666666713 0.04202777777777787
5 0.5517968750000001 0.45749074074074064 0.020078125000000096 0.035166666666666686
0 0.37575000000000003 0.46039814814814817 0.02421354166666667 0.04791666666666667
2 0.5546354166666667 0.6723055555555556 0.022145833333333323 0.03557407407407414
0 0.505125 0.5329074074074074 0.021760416666666654 0.03663888888888883
2 0.27915625 0.25778703703703704 0.022625000000000027 0.03346296296296295
0 0.5487604166666666 0.5385000000000001 0.026979166666666762 0.03812962962962969
0 0.48873958333333334 0.49860185185185185 0.025583333333333277 0.037351851851851775
5 0.4160052083333333 0.6937685185185185 0.022416666666666647 0.046064814814814815
4 0.4586354166666667 0.5925 0.018437500000000048 0.03828703703703695
4 0.2847135416666667 0.45260185185185187 0.028109375000000013 0.031712962962962964
2 0.39138020833333337 0.4988055555555556 0.022614583333333372 0.04504629629629638
2 0.4766458333333333 0.5663148148148148 0.028703124999999947 0.03914814814814812
2 0.36460937499999996 0.6385555555555555 0.02439583333333329 0.04788888888888891
4 0.366234375 0.5072314814814814 0.022880208333333367 0.04357407407407402
2 0.5133125 0.4981759259259259 0.020890624999999947 0.040740740740740744
1 0.44821875 0.5544444444444444 0.024515624999999968 0.035787037037037124
3 0.45561979166666666 0.629925925925926 0.02290104166666668 0.03844444444444443
0 0.5357708333333334 0.43477777777777776 0.024489583333333325 0.03810185185185183
0 0.3441197916666667 0.6085925925925926 0.02460416666666667 0.036138888888888866
2 0.41043749999999996 0.5741296296296295 0.022635416666666686 0.04056481481481476
4 0.507828125 0.45292592592592595 0.024036458333333382 0.03999074074074069
3 0.36018229166666665 0.5486018518518518 0.027536458333333277 0.035787037037037124
0 0.548921875 0.49836111111111114 0.022036458333333304 0.0418703703703704
3 0.3399010416666667 0.5686481481481481 0.018276041666666624 0.040453703703703756
3 0.42134375 0.505537037037037 0.024192708333333358 0.03030555555555557
3 0.33901041666666665 0.678675925925926 0.027328125000000016 0.032796296296296365
0 0.44215104166666663 0.5179537037037036 0.022276041666666656 0.03772222222222223
0 0.54046875 0.6444907407407408 0.021578124999999913 0.03706481481481479
0 0.39034375000000004 0.5860185185185185 0.020760416666666615 0.03412037037037029
2 0.4352604166666667 0.5841851851851851 0.024796874999999947 0.03901851851851861
4 0.34020833333333333 0.6441666666666667 0.022703124999999956 0.03092592592592601
0 0.42527604166666666 0.5428611111111111 0.019046874999999967 0.039472222222222325
2 0.43309375 0.6345648148148149 0.022854166666666724 0.04526851851851861
5 0.4165625 0.6119722222222221 0.02219791666666661 0.04066666666666673
0 0.34346875000000004 0.5121018518518519 0.020874999999999963 0.0554537037037038
0 0.32403125 0.5354074074074074 0.01847395833333335 0.03868518518518516
4 0.39548958333333334 0.7003518518518519 0.01856250000000005 0.035425925925925916
0 0.5314375 0.4734166666666667 0.023802083333333356 0.03462037037037036
1 0.49380729166666665 0.4250185185185185 0.020723958333333313 0.04455555555555556
5 0.38584375000000004 0.5531203703703704 0.020723958333333313 0.03684259259259256
3 0.387046875 0.6251018518518519 0.024098958333333323 0.03512962962962968