5 0.41576562499999997 0.6115833333333334 0.02219791666666661 0.040027777777777794
2 0.5303125000000001 0.5673518518518519 0.02443750000000004 0.03651851851851857
5 0.40865104166666666 0.47594444444444445 0.025125000000000005 0.036731481481481545
1 0.4945572916666666 0.42353703703703705 0.021718750000000023 0.042490740740740725
4 0.5238854166666667 0.6731481481481482 0.02329687500000001 0.040342592592592534
3 0.32636458333333335 0.4430185185185185 0.0319427083333333 0.042805555555555576
1 0.5140364583333333 0.3937407407407407 0.027322916666666686 0.034879629629629594
2 0.36796354166666667 0.41152777777777777 0.019260416666666676 0.03971296296296295
5 0.439078125 0.6729166666666667 0.028265624999999992 0.03772222222222223
5 0.36622916666666666 0.589462962962963 0.023203124999999977 0.04235185185185186
5 0.47715104166666666 0.530175925925926 0.02439062499999996 0.03321296296296286
4 0.45839583333333334 0.48292592592592587 0.024041666666666708 0.040999999999999974
5 0.4041354166666667 0.5334351851851852 0.02113541666666663 0.0381851851851852
3 0.30086979166666666 0.5913703703703703 0.025390625 0.04831481481481487
3 0.4356510416666667 0.47638888888888886 0.024661458333333285 0.041999999999999905
3 0.40192187500000004 0.6520462962962963 0.02467708333333339 0.045509259259259346
4 0.28666145833333334 0.4531296296296296 0.024458333333333353 0.03732407407407402
1 0.3529322916666667 0.45950925925925923 0.022786458333333332 0.04132407407407417
0 0.3762708333333334 0.4611666666666666 0.023937500000000018 0.04717592592592597
3 0.37928645833333335 0.6780740740740742 0.022078125000000053 0.039703703703703803
2 0.5531458333333333 0.6718703703703703 0.02098958333333343 0.035064814814814715
2 0.47604166666666664 0.5663055555555556 0.02854687499999997 0.03855555555555565
5 0.41528125 0.6933888888888889 0.022500000000000023 0.04659259259259253
5 0.5526145833333334 0.4579814814814815 0.01975000000000004 0.03452777777777775
0 0.5485052083333334 0.5386666666666666 0.0264895833333334 0.03772222222222223
0 0.48915624999999996 0.49890740740740747 0.02560937500000004 0.03777777777777774
2 0.36380208333333336 0.6382407407407407 0.02518749999999995 0.04788888888888891
4 0.4579270833333334 0.5924351851851852 0.018552083333333278 0.0386203703703704
2 0.39140104166666667 0.49923148148148144 0.02233854166666672 0.045074074074074134
4 0.3662708333333333 0.5075555555555555 0.022833333333333292 0.04456481481481492
3 0.45477604166666663 0.6299537037037037 0.023104166666666613 0.03824999999999995
0 0.5047916666666666 0.533037037037037 0.021895833333333316 0.03598148148148139
0 0.34334895833333334 0.6084999999999999 0.024526041666666623 0.036351851851851844
0 0.5365833333333333 0.4350648148148148 0.02442708333333338 0.03750925925925925
3 0.33923958333333337 0.56825 0.018421874999999942 0.04179629629629639
0 0.5490833333333334 0.49863888888888885 0.02208854166666659 0.04202777777777787
2 0.4095989583333333 0.5738796296296296 0.02276562500000002 0.040740740740740744
3 0.4217708333333333 0.5054351851851852 0.02407291666666668 0.030129629629629597
1 0.44807291666666665 0.5544166666666667 0.023953125000000006 0.03585185185185188
3 0.3380989583333333 0.6783981481481481 0.027302083333333373 0.03282407407407412
2 0.5134531250000001 0.4982592592592593 0.020671875000000027 0.040370370370370286
0 0.441921875 0.5176018518518518 0.022536458333333325 0.03683333333333331
0 0.3895989583333333 0.5858981481481481 0.021499999999999984 0.03397222222222227
4 0.33927604166666664 0.6439907407407407 0.023062499999999986 0.03115740740740749
0 0.53915625 0.6439166666666666 0.021197916666666573 0.0374814814814815
2 0.43200000000000005 0.6340555555555555 0.022625000000000027 0.04518518518518514
0 0.3236822916666667 0.5353611111111112 0.017953125000000014 0.03853703703703694
0 0.42486979166666666 0.5426851851851852 0.019265625000000005 0.039370370370370354
3 0.3852395833333333 0.6233611111111111 0.02400520833333329 0.0364537037037036
0 0.3434375 0.5124074074074074 0.0211302083333333 0.056666666666666705
4 0.5085729166666667 0.45325925925925925 0.02467708333333339 0.039944444444444435
0 0.532015625 0.4731666666666666 0.02400520833333341 0.0349351851851852
4 0.39471875 0.6999351851851852 0.018333333333333358 0.03545370370370367
3 0.35981250000000004 0.548462962962963 0.0265625 0.035796296296296375
2 0.43422916666666667 0.5842037037037038 0.02401041666666662 0.03890740740740739
5 0.38431770833333334 0.5514259259259259 0.019859375000000058 0.03334259259259258
1 0.48227083333333337 0.46255555555555555 0.02326041666666671 0.036509259259259214