1 0.49384374999999997 0.423 0.021723958333333352 0.04193518518518515
3 0.43512500000000004 0.4757222222222222 0.02465104166666663 0.04252777777777784
3 0.28820833333333334 0.4448796296296297 0.025541666666666647 0.05346296296296297
2 0.5302291666666666 0.5670740740740742 0.02451041666666664 0.03625000000000008
3 0.30097395833333335 0.5913611111111111 0.025229166666666695 0.04909259259259258
5 0.551453125 0.45732407407407416 0.020218750000000084 0.034981481481481454
4 0.5246458333333334 0.6737962962962963 0.023354166666666624 0.04052777777777776
3 0.40215625 0.6531296296296296 0.024687500000000046 0.04683333333333327
1 0.51325 0.3931481481481482 0.02714062499999995 0.03464814814814811
4 0.458 0.48247222222222225 0.024260416666666628 0.041009259259259224
3 0.3795260416666667 0.6799444444444445 0.022072916666666723 0.03852777777777768
1 0.4810416666666667 0.46162962962962967 0.023562500000000004 0.039620370370370334
5 0.40358854166666663 0.5341388888888889 0.021213541666666676 0.03922222222222213
5 0.47669791666666667 0.5304351851851852 0.024708333333333363 0.032805555555555616
1 0.35240625 0.4587407407407407 0.02254687499999998 0.04245370370370372
5 0.40780208333333334 0.4765277777777778 0.026052083333333323 0.03524999999999994
5 0.4173854166666667 0.6141481481481481 0.02296874999999995 0.03910185185185187
2 0.55378125 0.6725555555555556 0.02127604166666662 0.03568518518518515
0 0.37659895833333334 0.4741111111111111 0.024812500000000053 0.04652777777777778
0 0.48843229166666663 0.49898148148148147 0.02578125 0.038064814814814725
5 0.36699479166666665 0.5972407407407407 0.023203124999999977 0.040740740740740744
0 0.5481093749999999 0.5384166666666667 0.026656249999999916 0.03787037037037046
5 0.4414166666666667 0.6843888888888888 0.028744791666666696 0.03712962962962955
4 0.45790624999999996 0.5920648148148148 0.018510416666666647 0.039407407407407356
3 0.38553125 0.623462962962963 0.024812500000000053 0.03760185185185176
5 0.415890625 0.6932407407407408 0.022494791666666694 0.04602777777777781
2 0.47578125 0.5660462962962963 0.028739583333333367 0.03917592592592588
0 0.34340625 0.6083611111111111 0.024463541666666682 0.03738888888888899
3 0.455125 0.630175925925926 0.022885416666666696 0.038398148148148174
0 0.504453125 0.5327037037037038 0.02180729166666661 0.0360185185185186
3 0.3385416666666667 0.679138888888889 0.02719791666666668 0.03325925925925933
2 0.36392708333333335 0.6423981481481481 0.023953125000000006 0.04850925925925935
2 0.390125 0.5067037037037038 0.022942708333333308 0.04690740740740748
0 0.54825 0.49807407407407406 0.022062500000000065 0.042407407407407366
3 0.4210052083333334 0.5051296296296296 0.02407812500000001 0.030101851851851845
0 0.535703125 0.4346759259259259 0.024468750000000008 0.037453703703703746
1 0.44773437499999996 0.5544166666666667 0.024057291666666696 0.03657407407407407
3 0.337203125 0.5693055555555556 0.018406249999999957 0.040722222222222236
0 0.5397552083333333 0.6443148148148148 0.021156249999999942 0.03759259259259251
2 0.41084375 0.5764074074074074 0.022140624999999994 0.04124074074074071
0 0.389640625 0.586037037037037 0.02130208333333338 0.03283333333333337
2 0.4327708333333333 0.638787037037037 0.022401041666666663 0.044749999999999936
4 0.33977083333333336 0.6441574074074075 0.022494791666666694 0.03182407407407397
0 0.34270833333333334 0.5123611111111112 0.021317708333333366 0.05541666666666658
0 0.44154166666666667 0.5177962962962963 0.022187499999999954 0.03727777777777777
0 0.3233229166666666 0.5351574074074075 0.017942708333333356 0.0382407407407407
0 0.4245260416666667 0.5425462962962964 0.01935416666666671 0.040046296296296295
4 0.39566666666666667 0.7004351851851852 0.01824999999999998 0.0348611111111112
2 0.5129895833333333 0.4979444444444444 0.020578124999999996 0.0408055555555555
4 0.5078697916666667 0.4526296296296296 0.024208333333333342 0.040027777777777794
0 0.5314270833333334 0.4730740740740741 0.024380208333333306 0.03503703703703707
4 0.36605208333333333 0.5171388888888889 0.023937500000000018 0.04657407407407403
5 0.383390625 0.5521666666666667 0.02007291666666665 0.034731481481481474
3 0.3575625 0.5564444444444445 0.025156249999999977 0.040444444444444505
2 0.4342447916666667 0.5830925925925926 0.023817708333333344 0.03853703703703694