1 0.49384895833333337 0.42325 0.021682291666666725 0.042249999999999996
3 0.40230208333333334 0.6536944444444445 0.024593750000000015 0.04649074074074078
2 0.5308645833333333 0.5675555555555556 0.024604166666666552 0.036351851851851844
3 0.3017083333333333 0.5917870370370371 0.025156249999999977 0.04793518518518517
1 0.5130520833333333 0.39325 0.02723958333333331 0.034768518518518476
4 0.5247604166666666 0.6741018518518518 0.02342708333333334 0.040027777777777794
1 0.4813385416666666 0.461537037037037 0.023666666666666693 0.040203703703703665
3 0.4355 0.4763333333333334 0.024739583333333332 0.0419074074074074
3 0.3795208333333333 0.680212962962963 0.022348958333333377 0.03833333333333342
5 0.40809375 0.47674074074074074 0.026619791666666615 0.035379629629629664
1 0.35258333333333336 0.4587592592592593 0.022718749999999944 0.0419259259259259
2 0.5542083333333333 0.6726944444444445 0.021963541666666704 0.03557407407407414
0 0.37680208333333337 0.47441666666666665 0.025125000000000005 0.046722222222222255
5 0.47715104166666666 0.5304444444444444 0.024562500000000043 0.03295370370370363
5 0.41770833333333335 0.6140555555555555 0.022833333333333292 0.039712962962963054
5 0.44156249999999997 0.6844351851851852 0.028718750000000053 0.03725925925925927
5 0.5517760416666667 0.4573888888888889 0.020052083333333335 0.03545370370370367
5 0.4159791666666666 0.6933703703703704 0.02245312499999995 0.04617592592592582
0 0.5486666666666667 0.5383611111111111 0.026765624999999935 0.03795370370370371
5 0.36747916666666663 0.5973055555555555 0.02321874999999996 0.04028703703703703
2 0.4764375 0.5661203703703703 0.028854166666666715 0.039055555555555614
0 0.5315677083333333 0.4729814814814815 0.024526041666666623 0.035324074074074056
4 0.49865624999999997 0.2823240740740741 0.026979166666666644 0.031888888888888835
0 0.34390104166666663 0.6086851851851852 0.024578125000000027 0.03657407407407407
5 0.40433854166666666 0.534537037037037 0.021359374999999996 0.039472222222222325
4 0.36665625 0.5178148148148148 0.02485937500000001 0.04600000000000006
4 0.45832812500000003 0.5925 0.0187135416666667 0.0382407407407407
0 0.5049114583333333 0.5328981481481482 0.022328124999999942 0.03625925925925934
0 0.48878125 0.49906481481481485 0.026250000000000048 0.03728703703703702
0 0.39025 0.5864444444444444 0.02102604166666661 0.03328703703703708
2 0.36409375 0.642425925925926 0.024411458333333278 0.04892592592592585
0 0.5357708333333334 0.43455555555555553 0.024453124999999905 0.038018518518518576
2 0.3905208333333333 0.5068611111111111 0.02322395833333329 0.04666666666666675
2 0.43512500000000004 0.584462962962963 0.024156250000000056 0.03912962962962962
2 0.41133854166666667 0.57625 0.022359375000000032 0.04133333333333342
3 0.35915625 0.5574722222222223 0.026161458333333342 0.038435185185185176
3 0.33874479166666666 0.6791111111111111 0.027286458333333385 0.03283333333333337
4 0.5079947916666667 0.452712962962963 0.02449479166666665 0.040712962962962986
3 0.38599479166666667 0.6237777777777778 0.024786458333333292 0.037342592592592525
0 0.5486302083333333 0.498212962962963 0.02243749999999996 0.04221296296296289
1 0.44805729166666663 0.5546574074074074 0.02421875 0.03629629629629634
2 0.4331302083333333 0.6388888888888888 0.022505208333333353 0.04484259259259265
3 0.33773958333333337 0.5696111111111111 0.018515624999999977 0.04064814814814823
0 0.4420364583333333 0.5182685185185185 0.021869791666666673 0.03794444444444446
4 0.45846875 0.48281481481481486 0.02439062499999996 0.04099074074074072
3 0.421296875 0.5055000000000001 0.024270833333333287 0.029805555555555606
4 0.34009375000000003 0.6446203703703705 0.022677083333333313 0.03137037037037047
0 0.5401458333333333 0.6446851851851851 0.021645833333333305 0.037462962962962996
0 0.32385937499999995 0.5352037037037037 0.018135416666666633 0.03831481481481491
0 0.42501041666666667 0.5428796296296295 0.018937499999999947 0.03950925925925933
0 0.34311458333333333 0.5131203703703703 0.0214479166666667 0.056379629629629724
2 0.5132708333333333 0.49775 0.02094791666666668 0.040722222222222236
3 0.45535937499999996 0.6302037037037037 0.02286458333333338 0.037851851851851956
4 0.3956458333333333 0.7005277777777779 0.018380208333333314 0.035055555555555465
5 0.38432812499999996 0.5514814814814815 0.019088541666666715 0.03520370370370369